0.0015 10304
0.003 225
0.0045 222
0.006 267
0.0075 306
0.009 252
0.0105 232
0.012 207
0.0135 209
0.015 172
0.0165 145
0.018 166
0.0195 147
0.021 123
0.0225 115
0.024 96
0.0255 92
0.027 92
0.0285 99
0.03 73
0.0315 85
0.033 75
0.0345 69
0.036 76
0.0375 57
0.039 80
0.0405 49
0.042 57
0.0435 50
0.045 67
0.0465 66
0.048 44
0.0495 59
0.051 50
0.0525 46
0.054 46
0.0555 60
0.057 37
0.0585 33
0.06 35
0.0615 38
0.063 41
0.0645 38
0.066 30
0.0675 30
0.069 48
0.0705 37
0.072 19
0.0735 31
0.075 26
0.0765 19
0.078 36
0.0795 25
0.081 28
0.0825 30
0.084 30
0.0855 32
0.087 24
0.0885 32
0.09 26
0.0915 26
0.093 16
0.0945 20
0.096 17
0.0975 12
0.099 24
0.1005 19
0.102 21
0.1035 16
0.105 11
0.1065 25
0.108 13
0.1095 11
0.111 23
0.1125 17
0.114 19
0.1155 11
0.117 14
0.1185 14
0.12 13
0.1215 13
0.123 6
0.1245 18
0.126 13
0.1275 17
0.129 16
0.1305 11
0.132 10
0.1335 7
0.135 19
0.1365 11
0.138 13
0.1395 12
0.141 8
0.1425 19
0.144 11
0.1455 11
0.147 15
0.1485 13
0.15 12
0.1515 17
0.153 8
0.1545 6
0.156 9
0.1575 12
0.159 4
0.1605 13
0.162 10
0.1635 6
0.165 12
0.1665 9
0.168 10
0.1695 7
0.171 9
0.1725 14
0.174 3
0.1755 9
0.177 8
0.1785 12
0.18 12
0.1815 8
0.183 9
0.1845 7
0.186 3
0.1875 6
0.189 6
0.1905 10
0.192 5
0.1935 3
0.195 10
0.1965 11
0.198 7
0.1995 5
0.201 5
0.2025 6
0.204 6
0.2055 7
0.207 6
0.2085 3
0.21 11
0.2115 7
0.213 6
0.2145 4
0.216 15
0.2175 6
0.219 3
0.2205 7
0.222 4
0.2235 8
0.225 8
0.2265 6
0.228 4
0.2295 7
0.231 7
0.2325 5
0.234 6
0.2355 4
0.237 5
0.2385 5
0.24 6
0.2415 8
0.243 5
0.2445 5
0.246 6
0.2475 3
0.249 2
0.2505 3
0.252 4
0.2535 6
0.255 2
0.2565 7
0.258 4
0.2595 3
0.261 5
0.2625 2
0.264 3
0.2655 6
0.267 8
0.2685 2
0.27 6
0.2715 8
0.273 2
0.2745 5
0.276 4
0.2775 7
0.279 5
0.2805 2
0.282 4
0.2835 5
0.285 2
0.2865 4
0.288 4
0.2895 3
0.291 1
0.2925 4
0.294 3
0.2955 3
0.297 1
0.2985 4
0.3 1
0.3015 5
0.303 1
0.3045 3
0.306 2
0.3075 4
0.309 2
0.3105 7
0.312 6
0.3135 7
0.315 4
0.3165 4
0.318 2
0.3195 5
0.321 2
0.3225 4
0.324 3
0.3255 3
0.327 3
0.3285 4
0.33 5
0.3315 5
0.333 2
0.3345 1
0.336 3
0.3375 5
0.339 4
0.3405 1
0.342 1
0.3435 1
0.345 3
0.3465 5
0.348 3
0.3495 3
0.351 6
0.3525 2
0.354 5
0.3555 4
0.357 2
0.3585 10
0.36 2
0.3615 2
0.363 4
0.3645 3
0.366 1
0.3675 4
0.369 3
0.3705 2
0.372 2
0.3735 3
0.375 2
0.3765 2
0.378 4
0.3795 2
0.381 2
0.3825 2
0.384 2
0.3855 5
0.387 3
0.3885 2
0.39 1
0.3915 2
0.393 1
0.3945 3
0.396 2
0.3975 1
0.399 3
0.4005 5
0.402 0
0.4035 6
0.405 4
0.4065 0
0.408 3
0.4095 2
0.411 1
0.4125 5
0.414 2
0.4155 1
0.417 0
0.4185 1
0.42 0
0.4215 3
0.423 2
0.4245 1
0.426 3
0.4275 2
0.429 2
0.4305 0
0.432 3
0.4335 4
0.435 3
0.4365 1
0.438 6
0.4395 4
0.441 5
0.4425 2
0.444 4
0.4455 4
0.447 3
0.4485 0
0.45 1
0.4515 4
0.453 1
0.4545 5
0.456 2
0.4575 3
0.459 3
0.4605 2
0.462 2
0.4635 0
0.465 4
0.4665 2
0.468 4
0.4695 2
0.471 2
0.4725 3
0.474 2
0.4755 4
0.477 1
0.4785 1
0.48 3
0.4815 1
0.483 0
0.4845 3
0.486 2
0.4875 1
0.489 1
0.4905 1
0.492 3
0.4935 3
0.495 1
0.4965 3
0.498 1
0.4995 3
0.501 3
0.5025 0
0.504 1
0.5055 3
0.507 1
0.5085 2
0.51 1
0.5115 2
0.513 1
0.5145 2
0.516 3
0.5175 2
0.519 5
0.5205 2
0.522 0
0.5235 5
0.525 1
0.5265 3
0.528 1
0.5295 2
0.531 2
0.5325 2
0.534 2
0.5355 1
0.537 2
0.5385 3
0.54 3
0.5415 2
0.543 3
0.5445 2
0.546 4
0.5475 1
0.549 2
0.5505 0
0.552 3
0.5535 1
0.555 0
0.5565 3
0.558 0
0.5595 0
0.561 0
0.5625 1
0.564 3
0.5655 2
0.567 2
0.5685 1
0.57 2
0.5715 2
0.573 1
0.5745 1
0.576 3
0.5775 4
0.579 2
0.5805 4
0.582 3
0.5835 1
0.585 2
0.5865 2
0.588 0
0.5895 6
0.591 1
0.5925 0
0.594 2
0.5955 1
0.597 3
0.5985 4
0.6 1
0.6015 1
0.603 1
0.6045 3
0.606 3
0.6075 1
0.609 2
0.6105 2
0.612 1
0.6135 0
0.615 2
0.6165 2
0.618 0
0.6195 1
0.621 0
0.6225 1
0.624 1
0.6255 2
0.627 3
0.6285 0
0.63 0
0.6315 0
0.633 1
0.6345 4
0.636 1
0.6375 0
0.639 4
0.6405 1
0.642 3
0.6435 1
0.645 2
0.6465 3
0.648 3
0.6495 2
0.651 1
0.6525 1
0.654 0
0.6555 1
0.657 3
0.6585 0
0.66 2
0.6615 0
0.663 0
0.6645 3
0.666 4
0.6675 2
0.669 0
0.6705 5
0.672 0
0.6735 2
0.675 3
0.6765 0
0.678 1
0.6795 0
0.681 4
0.6825 4
0.684 0
0.6855 1
0.687 2
0.6885 3
0.69 3
0.6915 2
0.693 4
0.6945 2
0.696 0
0.6975 0
0.699 2
0.7005 1
0.702 4
0.7035 1
0.705 1
0.7065 0
0.708 4
0.7095 2
0.711 2
0.7125 1
0.714 3
0.7155 2
0.717 2
0.7185 5
0.72 3
0.7215 2
0.723 3
0.7245 3
0.726 4
0.7275 3
0.729 1
0.7305 0
0.732 1
0.7335 2
0.735 2
0.7365 1
0.738 2
0.7395 1
0.741 4
0.7425 1
0.744 1
0.7455 1
0.747 0
0.7485 1
0.75 3
0.7515 1
0.753 1
0.7545 0
0.756 0
0.7575 2
0.759 1
0.7605 1
0.762 3
0.7635 0
0.765 3
0.7665 0
0.768 4
0.7695 0
0.771 5
0.7725 0
0.774 2
0.7755 2
0.777 0
0.7785 2
0.78 3
0.7815 0
0.783 5
0.7845 1
0.786 1
0.7875 2
0.789 1
0.7905 1
0.792 1
0.7935 1
0.795 4
0.7965 1
0.798 4
0.7995 0
0.801 1
0.8025 1
0.804 1
0.8055 2
0.807 4
0.8085 1
0.81 1
0.8115 3
0.813 3
0.8145 1
0.816 0
0.8175 4
0.819 2
0.8205 1
0.822 2
0.8235 1
0.825 2
0.8265 0
0.828 3
0.8295 3
0.831 1
0.8325 2
0.834 3
0.8355 1
0.837 1
0.8385 2
0.84 1
0.8415 3
0.843 5
0.8445 0
0.846 4
0.8475 2
0.849 1
0.8505 2
0.852 3
0.8535 3
0.855 0
0.8565 0
0.858 1
0.8595 3
0.861 1
0.8625 2
0.864 0
0.8655 1
0.867 4
0.8685 1
0.87 3
0.8715 1
0.873 1
0.8745 0
0.876 1
0.8775 1
0.879 2
0.8805 3
0.882 1
0.8835 1
0.885 5
0.8865 4
0.888 3
0.8895 0
0.891 2
0.8925 0
0.894 2
0.8955 0
0.897 1
0.8985 1
0.9 2
0.9015 2
0.903 2
0.9045 1
0.906 1
0.9075 1
0.909 1
0.9105 0
0.912 1
0.9135 0
0.915 2
0.9165 2
0.918 2
0.9195 0
0.921 1
0.9225 5
0.924 5
0.9255 0
0.927 2
0.9285 2
0.93 6
0.9315 3
0.933 1
0.9345 3
0.936 0
0.9375 1
0.939 3
0.9405 2
0.942 4
0.9435 5
0.945 1
0.9465 2
0.948 0
0.9495 2
0.951 4
0.9525 1
0.954 1
0.9555 0
0.957 2
0.9585 1
0.96 1
0.9615 1
0.963 2
0.9645 2
0.966 0
0.9675 0
0.969 3
0.9705 1
0.972 2
0.9735 1
0.975 0
0.9765 3
0.978 0
0.9795 6
0.981 2
0.9825 3
0.984 1
0.9855 2
0.987 1
0.9885 3
0.99 2
0.9915 0
0.993 1
0.9945 7
0.996 3
0.9975 1
0.999 1
1.0005 1
1.002 3
1.0035 3
1.005 1
1.0065 1
1.008 0
1.0095 1
1.011 5
1.0125 1
1.014 3
1.0155 3
1.017 3
1.0185 0
1.02 3
1.0215 3
1.023 4
1.0245 3
1.026 2
1.0275 3
1.029 0
1.0305 3
1.032 5
1.0335 0
1.035 0
1.0365 4
1.038 1
1.0395 3
1.041 2
1.0425 3
1.044 3
1.0455 0
1.047 5
1.0485 1
1.05 3
1.0515 0
1.053 1
1.0545 2
1.056 5
1.0575 0
1.059 1
1.0605 4
1.062 0
1.0635 2
1.065 3
1.0665 0
1.068 4
1.0695 3
1.071 3
1.0725 2
1.074 4
1.0755 2
1.077 1
1.0785 1
1.08 2
1.0815 2
1.083 0
1.0845 1
1.086 2
1.0875 1
1.089 0
1.0905 3
1.092 2
1.0935 2
1.095 2
1.0965 1
1.098 3
1.0995 1
1.101 3
1.1025 1
1.104 1
1.1055 2
1.107 0
1.1085 1
1.11 2
1.1115 2
1.113 1
1.1145 1
1.116 1
1.1175 2
1.119 1
1.1205 0
1.122 1
1.1235 2
1.125 1
1.1265 0
1.128 1
1.1295 2
1.131 2
1.1325 1
1.134 2
1.1355 4
1.137 2
1.1385 0
1.14 3
1.1415 4
1.143 1
1.1445 2
1.146 0
1.1475 0
1.149 2
1.1505 1
1.152 1
1.1535 4
1.155 0
1.1565 1
1.158 2
1.1595 0
1.161 0
1.1625 1
1.164 4
1.1655 1
1.167 2
1.1685 4
1.17 5
1.1715 1
1.173 4
1.1745 1
1.176 2
1.1775 3
1.179 1
1.1805 2
1.182 2
1.1835 3
1.185 1
1.1865 4
1.188 0
1.1895 2
1.191 1
1.1925 2
1.194 1
1.1955 1
1.197 1
1.1985 3
1.2 2
1.2015 0
1.203 2
1.2045 4
1.206 2
1.2075 2
1.209 0
1.2105 5
1.212 1
1.2135 2
1.215 0
1.2165 6
1.218 4
1.2195 3
1.221 2
1.2225 1
1.224 1
1.2255 1
1.227 1
1.2285 0
1.23 4
1.2315 0
1.233 2
1.2345 7
1.236 2
1.2375 0
1.239 1
1.2405 4
1.242 3
1.2435 1
1.245 4
1.2465 1
1.248 1
1.2495 1
1.251 1
1.2525 1
1.254 1
1.2555 0
1.257 2
1.2585 4
1.26 2
1.2615 2
1.263 5
1.2645 3
1.266 1
1.2675 3
1.269 1
1.2705 0
1.272 1
1.2735 0
1.275 2
1.2765 1
1.278 3
1.2795 1
1.281 1
1.2825 1
1.284 3
1.2855 0
1.287 1
1.2885 1
1.29 3
1.2915 2
1.293 1
1.2945 4
1.296 1
1.2975 1
1.299 1
1.3005 4
1.302 4
1.3035 0
1.305 2
1.3065 2
1.308 1
1.3095 3
1.311 1
1.3125 4
1.314 2
1.3155 4
1.317 2
1.3185 2
1.32 1
1.3215 4
1.323 0
1.3245 3
1.326 1
1.3275 1
1.329 1
1.3305 4
1.332 1
1.3335 1
1.335 1
1.3365 2
1.338 2
1.3395 2
1.341 3
1.3425 2
1.344 1
1.3455 1
1.347 1
1.3485 1
1.35 4
1.3515 5
1.353 2
1.3545 0
1.356 0
1.3575 1
1.359 4
1.3605 0
1.362 2
1.3635 2
1.365 1
1.3665 1
1.368 2
1.3695 0
1.371 1
1.3725 2
1.374 3
1.3755 0
1.377 0
1.3785 2
1.38 5
1.3815 0
1.383 2
1.3845 2
1.386 2
1.3875 1
1.389 1
1.3905 0
1.392 1
1.3935 2
1.395 1
1.3965 2
1.398 0
1.3995 2
1.401 1
1.4025 3
1.404 1
1.4055 0
1.407 2
1.4085 1
1.41 1
1.4115 3
1.413 2
1.4145 1
1.416 0
1.4175 2
1.419 4
1.4205 3
1.422 4
1.4235 1
1.425 6
1.4265 2
1.428 2
1.4295 0
1.431 4
1.4325 1
1.434 1
1.4355 2
1.437 0
1.4385 2
1.44 0
1.4415 2
1.443 2
1.4445 2
1.446 1
1.4475 0
1.449 4
1.4505 1
1.452 2
1.4535 3
1.455 1
1.4565 0
1.458 1
1.4595 3
1.461 4
1.4625 2
1.464 1
1.4655 3
1.467 0
1.4685 2
1.47 2
1.4715 2
1.473 5
1.4745 1
1.476 2
1.4775 2
1.479 3
1.4805 0
1.482 2
1.4835 1
1.485 1
1.4865 2
1.488 3
1.4895 2
1.491 3
1.4925 3
1.494 0
1.4955 2
1.497 2
1.4985 1
1.5 2
1.5015 2
1.503 2
1.5045 0
1.506 2
1.5075 0
1.509 1
1.5105 3
1.512 0
1.5135 6
1.515 3
1.5165 3
1.518 5
1.5195 1
1.521 1
1.5225 3
1.524 3
1.5255 2
1.527 3
1.5285 1
1.53 3
1.5315 1
1.533 1
1.5345 2
1.536 1
1.5375 2
1.539 1
1.5405 0
1.542 1
1.5435 3
1.545 5
1.5465 2
1.548 2
1.5495 0
1.551 2
1.5525 3
1.554 0
1.5555 2
1.557 2
1.5585 1
1.56 1
1.5615 2
1.563 3
1.5645 0
1.566 0
1.5675 1
1.569 1
1.5705 2
1.572 3
1.5735 3
1.575 2
1.5765 1
1.578 1
1.5795 2
1.581 1
1.5825 1
1.584 2
1.5855 0
1.587 2
1.5885 4
1.59 2
1.5915 3
1.593 4
1.5945 4
1.596 2
1.5975 4
1.599 1
1.6005 2
1.602 2
1.6035 1
1.605 1
1.6065 3
1.608 2
1.6095 1
1.611 1
1.6125 2
1.614 5
1.6155 0
1.617 0
1.6185 1
1.62 1
1.6215 1
1.623 2
1.6245 3
1.626 2
1.6275 2
1.629 5
1.6305 1
1.632 3
1.6335 1
1.635 2
1.6365 2
1.638 0
1.6395 2
1.641 2
1.6425 2
1.644 4
1.6455 0
1.647 2
1.6485 1
1.65 2
1.6515 0
1.653 0
1.6545 3
1.656 3
1.6575 3
1.659 1
1.6605 2
1.662 2
1.6635 2
1.665 1
1.6665 3
1.668 4
1.6695 3
1.671 2
1.6725 1
1.674 1
1.6755 0
1.677 1
1.6785 3
1.68 3
1.6815 0
1.683 0
1.6845 4
1.686 2
1.6875 1
1.689 0
1.6905 3
1.692 2
1.6935 1
1.695 5
1.6965 2
1.698 0
1.6995 2
1.701 2
1.7025 0
1.704 4
1.7055 2
1.707 1
1.7085 1
1.71 1
1.7115 1
1.713 0
1.7145 2
1.716 1
1.7175 1
1.719 3
1.7205 2
1.722 1
1.7235 2
1.725 2
1.7265 2
1.728 2
1.7295 2
1.731 2
1.7325 2
1.734 2
1.7355 0
1.737 2
1.7385 2
1.74 4
1.7415 2
1.743 0
1.7445 0
1.746 2
1.7475 4
1.749 3
1.7505 6
1.752 3
1.7535 1
1.755 3
1.7565 2
1.758 1
1.7595 2
1.761 1
1.7625 1
1.764 2
1.7655 4
1.767 0
1.7685 0
1.77 1
1.7715 1
1.773 2
1.7745 3
1.776 2
1.7775 1
1.779 2
1.7805 2
1.782 1
1.7835 1
1.785 1
1.7865 2
1.788 1
1.7895 2
1.791 3
1.7925 4
1.794 1
1.7955 2
1.797 3
1.7985 0
1.8 2
1.8015 2
1.803 0
1.8045 1
1.806 3
1.8075 2
1.809 2
1.8105 1
1.812 1
1.8135 3
1.815 0
1.8165 2
1.818 0
1.8195 1
1.821 2
1.8225 1
1.824 4
1.8255 0
1.827 0
1.8285 0
1.83 1
1.8315 2
1.833 2
1.8345 0
1.836 3
1.8375 2
1.839 3
1.8405 2
1.842 3
1.8435 3
1.845 1
1.8465 1
1.848 1
1.8495 1
1.851 1
1.8525 2
1.854 4
1.8555 1
1.857 0
1.8585 2
1.86 3
1.8615 3
1.863 3
1.8645 1
1.866 2
1.8675 2
1.869 1
1.8705 1
1.872 1
1.8735 1
1.875 3
1.8765 1
1.878 0
1.8795 1
1.881 0
1.8825 0
1.884 2
1.8855 2
1.887 3
1.8885 1
1.89 1
1.8915 2
1.893 1
1.8945 1
1.896 0
1.8975 1
1.899 0
1.9005 4
1.902 1
1.9035 1
1.905 1
1.9065 2
1.908 1
1.9095 5
1.911 1
1.9125 0
1.914 1
1.9155 3
1.917 3
1.9185 2
1.92 4
1.9215 3
1.923 1
1.9245 1
1.926 1
1.9275 1
1.929 2
1.9305 4
1.932 1
1.9335 5
1.935 0
1.9365 1
1.938 3
1.9395 4
1.941 1
1.9425 3
1.944 1
1.9455 1
1.947 0
1.9485 0
1.95 2
1.9515 1
1.953 2
1.9545 1
1.956 3
1.9575 2
1.959 0
1.9605 2
1.962 3
1.9635 2
1.965 2
1.9665 1
1.968 2
1.9695 0
1.971 2
1.9725 0
1.974 1
1.9755 2
1.977 4
1.9785 2
1.98 0
1.9815 2
1.983 1
1.9845 2
1.986 1
1.9875 2
1.989 2
1.9905 3
1.992 3
1.9935 4
1.995 1
1.9965 2
1.998 0
1.9995 4
2.001 1
2.0025 0
2.004 3
2.0055 2
2.007 4
2.0085 2
2.01 2
2.0115 2
2.013 1
2.0145 2
2.016 5
2.0175 2
2.019 0
2.0205 1
2.022 1
2.0235 1
2.025 0
2.0265 3
2.028 1
2.0295 2
2.031 3
2.0325 0
2.034 4
2.0355 2
2.037 5
2.0385 0
2.04 2
2.0415 0
2.043 0
2.0445 3
2.046 2
2.0475 0
2.049 2
2.0505 1
2.052 1
2.0535 1
2.055 2
2.0565 3
2.058 2
2.0595 5
2.061 4
2.0625 3
2.064 2
2.0655 2
2.067 2
2.0685 0
2.07 0
2.0715 2
2.073 2
2.0745 2
2.076 0
2.0775 3
2.079 2
2.0805 0
2.082 2
2.0835 5
2.085 3
2.0865 2
2.088 2
2.0895 0
2.091 2
2.0925 0
2.094 2
2.0955 3
2.097 0
2.0985 1
2.1 2
2.1015 2
2.103 2
2.1045 4
2.106 1
2.1075 1
2.109 2
2.1105 1
2.112 2
2.1135 3
2.115 2
2.1165 3
2.118 4
2.1195 1
2.121 0
2.1225 4
2.124 3
2.1255 1
2.127 1
2.1285 1
2.13 3
2.1315 1
2.133 1
2.1345 2
2.136 1
2.1375 4
2.139 6
2.1405 0
2.142 2
2.1435 0
2.145 4
2.1465 3
2.148 3
2.1495 5
2.151 2
2.1525 3
2.154 1
2.1555 5
2.157 3
2.1585 2
2.16 1
2.1615 0
2.163 2
2.1645 1
2.166 0
2.1675 0
2.169 1
2.1705 3
2.172 2
2.1735 0
2.175 4
2.1765 1
2.178 1
2.1795 3
2.181 3
2.1825 0
2.184 2
2.1855 2
2.187 3
2.1885 2
2.19 4
2.1915 0
2.193 5
2.1945 1
2.196 3
2.1975 0
2.199 0
2.2005 2
2.202 2
2.2035 0
2.205 0
2.2065 1
2.208 3
2.2095 2
2.211 5
2.2125 0
2.214 0
2.2155 1
2.217 8
2.2185 2
2.22 1
2.2215 4
2.223 1
2.2245 2
2.226 0
2.2275 4
2.229 3
2.2305 1
2.232 4
2.2335 3
2.235 2
2.2365 1
2.238 2
2.2395 4
2.241 4
2.2425 1
2.244 1
2.2455 3
2.247 2
2.2485 0
2.25 1
2.2515 3
2.253 3
2.2545 2
2.256 1
2.2575 1
2.259 1
2.2605 1
2.262 1
2.2635 1
2.265 1
2.2665 0
2.268 1
2.2695 2
2.271 0
2.2725 1
2.274 0
2.2755 0
2.277 1
2.2785 2
2.28 0
2.2815 0
2.283 1
2.2845 3
2.286 3
2.2875 3
2.289 2
2.2905 1
2.292 1
2.2935 0
2.295 2
2.2965 1
2.298 2
2.2995 0
2.301 2
2.3025 2
2.304 0
2.3055 2
2.307 0
2.3085 1
2.31 2
2.3115 3
2.313 1
2.3145 1
2.316 1
2.3175 2
2.319 3
2.3205 3
2.322 3
2.3235 2
2.325 2
2.3265 2
2.328 3
2.3295 1
2.331 3
2.3325 2
2.334 3
2.3355 4
2.337 2
2.3385 2
2.34 1
2.3415 1
2.343 4
2.3445 3
2.346 0
2.3475 3
2.349 1
2.3505 4
2.352 0
2.3535 0
2.355 5
2.3565 1
2.358 1
2.3595 2
2.361 0
2.3625 0
2.364 2
2.3655 0
2.367 1
2.3685 0
2.37 1
2.3715 3
2.373 0
2.3745 4
2.376 1
2.3775 1
2.379 1
2.3805 1
2.382 0
2.3835 4
2.385 3
2.3865 1
2.388 2
2.3895 2
2.391 1
2.3925 2
2.394 7
2.3955 2
2.397 2
2.3985 1
2.4 0
2.4015 2
2.403 1
2.4045 2
2.406 4
2.4075 0
2.409 3
2.4105 4
2.412 2
2.4135 2
2.415 3
2.4165 2
2.418 0
2.4195 2
2.421 2
2.4225 3
2.424 1
2.4255 3
2.427 3
2.4285 1
2.43 0
2.4315 0
2.433 4
2.4345 2
2.436 2
2.4375 2
2.439 2
2.4405 1
2.442 4
2.4435 0
2.445 0
2.4465 1
2.448 0
2.4495 0
2.451 1
2.4525 2
2.454 4
2.4555 4
2.457 4
2.4585 1
2.46 2
2.4615 0
2.463 1
2.4645 0
2.466 2
2.4675 6
2.469 2
2.4705 3
2.472 1
2.4735 2
2.475 1
2.4765 1
2.478 1
2.4795 3
2.481 1
2.4825 1
2.484 2
2.4855 2
2.487 2
2.4885 2
2.49 0
2.4915 1
2.493 1
2.4945 3
2.496 2
2.4975 2
2.499 1
2.5005 3
2.502 2
2.5035 1
2.505 3
2.5065 1
2.508 1
2.5095 4
2.511 1
2.5125 4
2.514 0
2.5155 2
2.517 1
2.5185 1
2.52 2
2.5215 1
2.523 1
2.5245 3
2.526 2
2.5275 3
2.529 0
2.5305 2
2.532 1
2.5335 0
2.535 1
2.5365 0
2.538 2
2.5395 1
2.541 3
2.5425 2
2.544 4
2.5455 0
2.547 4
2.5485 0
2.55 1
2.5515 1
2.553 2
2.5545 2
2.556 5
2.5575 1
2.559 1
2.5605 0
2.562 0
2.5635 2
2.565 0
2.5665 3
2.568 1
2.5695 2
2.571 2
2.5725 1
2.574 2
2.5755 3
2.577 5
2.5785 2
2.58 1
2.5815 2
2.583 4
2.5845 3
2.586 2
2.5875 4
2.589 1
2.5905 1
2.592 2
2.5935 2
2.595 1
2.5965 2
2.598 1
2.5995 2
2.601 1
2.6025 2
2.604 1
2.6055 3
2.607 6
2.6085 2
2.61 2
2.6115 2
2.613 3
2.6145 2
2.616 2
2.6175 4
2.619 1
2.6205 1
2.622 2
2.6235 1
2.625 1
2.6265 5
2.628 2
2.6295 2
2.631 0
2.6325 4
2.634 3
2.6355 2
2.637 0
2.6385 1
2.64 3
2.6415 2
2.643 0
2.6445 1
2.646 3
2.6475 3
2.649 2
2.6505 0
2.652 1
2.6535 2
2.655 3
2.6565 1
2.658 1
2.6595 1
2.661 3
2.6625 2
2.664 0
2.6655 2
2.667 0
2.6685 2
2.67 2
2.6715 4
2.673 3
2.6745 2
2.676 1
2.6775 2
2.679 2
2.6805 3
2.682 3
2.6835 1
2.685 4
2.6865 1
2.688 2
2.6895 2
2.691 3
2.6925 1
2.694 1
2.6955 1
2.697 1
2.6985 3
2.7 0
2.7015 1
2.703 0
2.7045 2
2.706 2
2.7075 1
2.709 1
2.7105 2
2.712 1
2.7135 2
2.715 0
2.7165 4
2.718 1
2.7195 0
2.721 0
2.7225 2
2.724 4
2.7255 1
2.727 3
2.7285 3
2.73 1
2.7315 1
2.733 3
2.7345 0
2.736 0
2.7375 0
2.739 1
2.7405 1
2.742 2
2.7435 3
2.745 1
2.7465 2
2.748 1
2.7495 0
2.751 2
2.7525 2
2.754 3
2.7555 0
2.757 2
2.7585 2
2.76 1
2.7615 0
2.763 3
2.7645 4
2.766 1
2.7675 2
2.769 0
2.7705 3
2.772 2
2.7735 2
2.775 3
2.7765 2
2.778 1
2.7795 0
2.781 2
2.7825 2
2.784 1
2.7855 2
2.787 3
2.7885 1
2.79 3
2.7915 3
2.793 1
2.7945 1
2.796 3
2.7975 2
2.799 5
2.8005 1
2.802 3
2.8035 2
2.805 2
2.8065 1
2.808 1
2.8095 1
2.811 4
2.8125 2
2.814 2
2.8155 0
2.817 3
2.8185 0
2.82 0
2.8215 1
2.823 1
2.8245 3
2.826 1
2.8275 1
2.829 1
2.8305 1
2.832 1
2.8335 1
2.835 2
2.8365 3
2.838 1
2.8395 1
2.841 1
2.8425 1
2.844 4
2.8455 0
2.847 0
2.8485 1
2.85 2
2.8515 0
2.853 0
2.8545 0
2.856 3
2.8575 2
2.859 2
2.8605 1
2.862 2
2.8635 2
2.865 1
2.8665 1
2.868 2
2.8695 1
2.871 1
2.8725 1
2.874 2
2.8755 1
2.877 1
2.8785 4
2.88 0
2.8815 0
2.883 2
2.8845 1
2.886 0
2.8875 5
2.889 5
2.8905 1
2.892 1
2.8935 2
2.895 2
2.8965 1
2.898 3
2.8995 3
2.901 1
2.9025 1
2.904 4
2.9055 2
2.907 2
2.9085 4
2.91 1
2.9115 2
2.913 2
2.9145 2
2.916 3
2.9175 3
2.919 1
2.9205 0
2.922 3
2.9235 0
2.925 1
2.9265 1
2.928 2
2.9295 2
2.931 2
2.9325 1
2.934 3
2.9355 3
2.937 0
2.9385 4
2.94 2
2.9415 2
2.943 1
2.9445 0
2.946 1
2.9475 0
2.949 1
2.9505 2
2.952 6
2.9535 1
2.955 1
2.9565 0
2.958 4
2.9595 2
2.961 0
2.9625 2
2.964 2
2.9655 3
2.967 3
2.9685 1
2.97 1
2.9715 2
2.973 4
2.9745 2
2.976 2
2.9775 1
2.979 0
2.9805 1
2.982 1
2.9835 4
2.985 3
2.9865 0
2.988 0
2.9895 3
2.991 2
2.9925 1
2.994 0
2.9955 0
2.997 2
2.9985 1
3 2
3.0015 3
3.003 0
3.0045 1
3.006 1
3.0075 1
3.009 1
3.0105 1
3.012 1
3.0135 2
3.015 2
3.0165 2
3.018 2
3.0195 0
3.021 4
3.0225 2
3.024 0
3.0255 3
3.027 1
3.0285 4
3.03 2
3.0315 1
3.033 3
3.0345 0
3.036 1
3.0375 2
3.039 3
3.0405 3
3.042 0
3.0435 3
3.045 3
3.0465 0
3.048 0
3.0495 2
3.051 1
3.0525 2
3.054 2
3.0555 3
3.057 4
3.0585 4
3.06 4
3.0615 2
3.063 0
3.0645 0
3.066 1
3.0675 1
3.069 1
3.0705 4
3.072 2
3.0735 2
3.075 1
3.0765 2
3.078 4
3.0795 1
3.081 3
3.0825 1
3.084 0
3.0855 7
3.087 0
3.0885 3
3.09 2
3.0915 3
3.093 1
3.0945 1
3.096 3
3.0975 5
3.099 0
3.1005 1
3.102 1
3.1035 1
3.105 1
3.1065 6
3.108 2
3.1095 2
3.111 2
3.1125 0
3.114 0
3.1155 2
3.117 2
3.1185 1
3.12 1
3.1215 4
3.123 2
3.1245 5
3.126 2
3.1275 2
3.129 1
3.1305 1
3.132 1
3.1335 1
3.135 2
3.1365 2
3.138 4
3.1395 1
3.141 1
3.1425 6
3.144 2
3.1455 2
3.147 4
3.1485 2
3.15 4
3.1515 3
3.153 3
3.1545 2
3.156 2
3.1575 3
3.159 1
3.1605 2
3.162 0
3.1635 1
3.165 2
3.1665 3
3.168 1
3.1695 3
3.171 0
3.1725 2
3.174 3
3.1755 1
3.177 3
3.1785 2
3.18 5
3.1815 2
3.183 2
3.1845 0
3.186 2
3.1875 0
3.189 3
3.1905 3
3.192 3
3.1935 3
3.195 0
3.1965 2
3.198 2
3.1995 5
3.201 1
3.2025 0
3.204 0
3.2055 2
3.207 1
3.2085 2
3.21 6
3.2115 1
3.213 1
3.2145 4
3.216 2
3.2175 1
3.219 0
3.2205 3
3.222 2
3.2235 2
3.225 0
3.2265 1
3.228 1
3.2295 3
3.231 4
3.2325 3
3.234 0
3.2355 1
3.237 2
3.2385 1
3.24 3
3.2415 1
3.243 2
3.2445 2
3.246 1
3.2475 4
3.249 1
3.2505 2
3.252 2
3.2535 6
3.255 3
3.2565 2
3.258 0
3.2595 0
3.261 1
3.2625 3
3.264 1
3.2655 0
3.267 3
3.2685 2
3.27 4
3.2715 2
3.273 1
3.2745 3
3.276 2
3.2775 1
3.279 2
3.2805 0
3.282 1
3.2835 1
3.285 2
3.2865 2
3.288 2
3.2895 0
3.291 1
3.2925 0
3.294 0
3.2955 2
3.297 2
3.2985 2
3.3 1
3.3015 2
3.303 3
3.3045 3
3.306 2
3.3075 0
3.309 1
3.3105 1
3.312 2
3.3135 2
3.315 3
3.3165 2
3.318 1
3.3195 2
3.321 1
3.3225 4
3.324 2
3.3255 5
3.327 3
3.3285 0
3.33 0
3.3315 1
3.333 0
3.3345 3
3.336 1
3.3375 2
3.339 2
3.3405 5
3.342 1
3.3435 5
3.345 1
3.3465 3
3.348 1
3.3495 0
3.351 4
3.3525 0
3.354 1
3.3555 2
3.357 0
3.3585 2
3.36 2
3.3615 1
3.363 3
3.3645 1
3.366 2
3.3675 1
3.369 2
3.3705 6
3.372 2
3.3735 1
3.375 1
3.3765 3
3.378 1
3.3795 2
3.381 3
3.3825 2
3.384 3
3.3855 0
3.387 1
3.3885 3
3.39 1
3.3915 3
3.393 0
3.3945 2
3.396 3
3.3975 0
3.399 1
3.4005 3
3.402 0
3.4035 1
3.405 2
3.4065 3
3.408 4
3.4095 3
3.411 4
3.4125 2
3.414 4
3.4155 1
3.417 1
3.4185 2
3.42 1
3.4215 0
3.423 2
3.4245 1
3.426 2
3.4275 2
3.429 3
3.4305 2
3.432 3
3.4335 1
3.435 1
3.4365 4
3.438 0
3.4395 3
3.441 1
3.4425 3
3.444 1
3.4455 1
3.447 1
3.4485 2
3.45 3
3.4515 1
3.453 3
3.4545 1
3.456 1
3.4575 4
3.459 3
3.4605 4
3.462 3
3.4635 1
3.465 1
3.4665 2
3.468 1
3.4695 3
3.471 1
3.4725 1
3.474 3
3.4755 3
3.477 1
3.4785 2
3.48 1
3.4815 2
3.483 2
3.4845 1
3.486 2
3.4875 2
3.489 0
3.4905 1
3.492 1
3.4935 1
3.495 2
3.4965 3
3.498 0
3.4995 1
3.501 2
3.5025 3
3.504 1
3.5055 1
3.507 2
3.5085 5
3.51 1
3.5115 1
3.513 0
3.5145 3
3.516 0
3.5175 4
3.519 4
3.5205 1
3.522 1
3.5235 2
3.525 2
3.5265 2
3.528 2
3.5295 1
3.531 2
3.5325 1
3.534 1
3.5355 1
3.537 2
3.5385 1
3.54 1
3.5415 3
3.543 0
3.5445 2
3.546 1
3.5475 1
3.549 3
3.5505 3
3.552 1
3.5535 2
3.555 3
3.5565 4
3.558 2
3.5595 3
3.561 1
3.5625 5
3.564 2
3.5655 5
3.567 3
3.5685 3
3.57 1
3.5715 0
3.573 2
3.5745 3
3.576 3
3.5775 3
3.579 1
3.5805 4
3.582 0
3.5835 3
3.585 1
3.5865 4
3.588 3
3.5895 1
3.591 8
3.5925 2
3.594 0
3.5955 3
3.597 1
3.5985 2
3.6 6
3.6015 1
3.603 0
3.6045 0
3.606 1
3.6075 3
3.609 0
3.6105 3
3.612 1
3.6135 1
3.615 0
3.6165 2
3.618 2
3.6195 2
3.621 1
3.6225 2
3.624 0
3.6255 2
3.627 2
3.6285 1
3.63 1
3.6315 3
3.633 1
3.6345 0
3.636 1
3.6375 1
3.639 5
3.6405 1
3.642 0
3.6435 0
3.645 2
3.6465 2
3.648 2
3.6495 1
3.651 2
3.6525 2
3.654 1
3.6555 1
3.657 4
3.6585 0
3.66 0
3.6615 2
3.663 2
3.6645 1
3.666 2
3.6675 1
3.669 2
3.6705 4
3.672 1
3.6735 1
3.675 2
3.6765 2
3.678 3
3.6795 4
3.681 1
3.6825 2
3.684 2
3.6855 2
3.687 2
3.6885 2
3.69 3
3.6915 1
3.693 0
3.6945 3
3.696 1
3.6975 2
3.699 1
3.7005 0
3.702 3
3.7035 2
3.705 1
3.7065 2
3.708 2
3.7095 1
3.711 1
3.7125 1
3.714 0
3.7155 2
3.717 3
3.7185 1
3.72 4
3.7215 2
3.723 2
3.7245 1
3.726 0
3.7275 1
3.729 3
3.7305 0
3.732 3
3.7335 2
3.735 1
3.7365 2
3.738 0
3.7395 4
3.741 2
3.7425 3
3.744 3
3.7455 0
3.747 2
3.7485 0
3.75 1
3.7515 2
3.753 1
3.7545 0
3.756 3
3.7575 0
3.759 5
3.7605 2
3.762 4
3.7635 0
3.765 0
3.7665 2
3.768 3
3.7695 0
3.771 4
3.7725 2
3.774 3
3.7755 2
3.777 3
3.7785 1
3.78 0
3.7815 0
3.783 2
3.7845 1
3.786 2
3.7875 2
3.789 2
3.7905 0
3.792 2
3.7935 4
3.795 5
3.7965 1
3.798 5
3.7995 4
3.801 1
3.8025 3
3.804 1
3.8055 3
3.807 0
3.8085 3
3.81 0
3.8115 4
3.813 2
3.8145 5
3.816 0
3.8175 0
3.819 2
3.8205 3
3.822 0
3.8235 2
3.825 1
3.8265 2
3.828 2
3.8295 1
3.831 0
3.8325 2
3.834 1
3.8355 1
3.837 1
3.8385 1
3.84 4
3.8415 2
3.843 3
3.8445 0
3.846 0
3.8475 4
3.849 2
3.8505 2
3.852 2
3.8535 1
3.855 2
3.8565 1
3.858 3
3.8595 0
3.861 1
3.8625 1
3.864 2
3.8655 0
3.867 1
3.8685 1
3.87 0
3.8715 2
3.873 1
3.8745 1
3.876 3
3.8775 1
3.879 2
3.8805 2
3.882 3
3.8835 0
3.885 2
3.8865 2
3.888 1
3.8895 2
3.891 1
3.8925 2
3.894 0
3.8955 2
3.897 3
3.8985 2
3.9 2
3.9015 1
3.903 2
3.9045 2
3.906 0
3.9075 4
3.909 1
3.9105 0
3.912 3
3.9135 0
3.915 2
3.9165 1
3.918 0
3.9195 0
3.921 2
3.9225 0
3.924 0
3.9255 2
3.927 1
3.9285 4
3.93 0
3.9315 1
3.933 5
3.9345 1
3.936 1
3.9375 6
3.939 1
3.9405 0
3.942 1
3.9435 2
3.945 3
3.9465 0
3.948 2
3.9495 3
3.951 2
3.9525 3
3.954 4
3.9555 1
3.957 2
3.9585 0
3.96 2
3.9615 2
3.963 2
3.9645 3
3.966 2
3.9675 2
3.969 4
3.9705 5
3.972 1
3.9735 1
3.975 1
3.9765 1
3.978 2
3.9795 2
3.981 1
3.9825 2
3.984 6
3.9855 3
3.987 0
3.9885 0
3.99 3
3.9915 5
3.993 3
3.9945 0
3.996 0
3.9975 3
3.999 0
4.0005 1
4.002 1
4.0035 1
4.005 0
4.0065 2
4.008 0
4.0095 0
4.011 2
4.0125 3
4.014 1
4.0155 5
4.017 3
4.0185 3
4.02 2
4.0215 1
4.023 2
4.0245 5
4.026 3
4.0275 3
4.029 0
4.0305 1
4.032 1
4.0335 2
4.035 1
4.0365 4
4.038 1
4.0395 2
4.041 1
4.0425 1
4.044 1
4.0455 2
4.047 4
4.0485 1
4.05 1
4.0515 0
4.053 1
4.0545 3
4.056 3
4.0575 0
4.059 2
4.0605 2
4.062 1
4.0635 1
4.065 2
4.0665 0
4.068 4
4.0695 3
4.071 2
4.0725 2
4.074 2
4.0755 4
4.077 0
4.0785 4
4.08 1
4.0815 0
4.083 2
4.0845 3
4.086 3
4.0875 2
4.089 2
4.0905 0
4.092 3
4.0935 2
4.095 4
4.0965 3
4.098 1
4.0995 2
4.101 0
4.1025 1
4.104 2
4.1055 3
4.107 1
4.1085 0
4.11 2
4.1115 3
4.113 3
4.1145 2
4.116 1
4.1175 1
4.119 5
4.1205 2
4.122 4
4.1235 2
4.125 0
4.1265 3
4.128 2
4.1295 0
4.131 3
4.1325 0
4.134 1
4.1355 2
4.137 1
4.1385 1
4.14 2
4.1415 3
4.143 2
4.1445 3
4.146 0
4.1475 1
4.149 6
4.1505 1
4.152 1
4.1535 3
4.155 0
4.1565 6
4.158 3
4.1595 2
4.161 1
4.1625 1
4.164 4
4.1655 1
4.167 1
4.1685 5
4.17 2
4.1715 0
4.173 1
4.1745 2
4.176 3
4.1775 2
4.179 2
4.1805 2
4.182 0
4.1835 1
4.185 0
4.1865 3
4.188 1
4.1895 4
4.191 2
4.1925 1
4.194 2
4.1955 1
4.197 2
4.1985 0
4.2 2
4.2015 2
4.203 2
4.2045 1
4.206 3
4.2075 1
4.209 1
4.2105 3
4.212 2
4.2135 2
4.215 0
4.2165 4
4.218 2
4.2195 1
4.221 3
4.2225 3
4.224 1
4.2255 2
4.227 3
4.2285 3
4.23 1
4.2315 3
4.233 2
4.2345 3
4.236 2
4.2375 2
4.239 3
4.2405 1
4.242 0
4.2435 2
4.245 5
4.2465 1
4.248 1
4.2495 5
4.251 0
4.2525 1
4.254 2
4.2555 1
4.257 1
4.2585 0
4.26 2
4.2615 2
4.263 0
4.2645 3
4.266 2
4.2675 2
4.269 1
4.2705 4
4.272 5
4.2735 3
4.275 6
4.2765 1
4.278 2
4.2795 4
4.281 0
4.2825 0
4.284 5
4.2855 4
4.287 1
4.2885 1
4.29 4
4.2915 1
4.293 1
4.2945 1
4.296 2
4.2975 1
4.299 0
4.3005 2
4.302 4
4.3035 3
4.305 1
4.3065 2
4.308 2
4.3095 1
4.311 3
4.3125 1
4.314 2
4.3155 1
4.317 1
4.3185 1
4.32 2
4.3215 1
4.323 2
4.3245 2
4.326 0
4.3275 1
4.329 5
4.3305 2
4.332 1
4.3335 1
4.335 0
4.3365 3
4.338 2
4.3395 0
4.341 6
4.3425 2
4.344 3
4.3455 4
4.347 1
4.3485 1
4.35 3
4.3515 3
4.353 1
4.3545 1
4.356 2
4.3575 4
4.359 1
4.3605 1
4.362 0
4.3635 1
4.365 4
4.3665 1
4.368 2
4.3695 2
4.371 1
4.3725 4
4.374 2
4.3755 6
4.377 3
4.3785 1
4.38 1
4.3815 4
4.383 1
4.3845 4
4.386 2
4.3875 6
4.389 1
4.3905 2
4.392 4
4.3935 3
4.395 3
4.3965 1
4.398 0
4.3995 2
4.401 3
4.4025 1
4.404 2
4.4055 1
4.407 1
4.4085 1
4.41 3
4.4115 2
4.413 2
4.4145 1
4.416 1
4.4175 1
4.419 2
4.4205 5
4.422 1
4.4235 1
4.425 3
4.4265 0
4.428 4
4.4295 0
4.431 2
4.4325 2
4.434 1
4.4355 4
4.437 2
4.4385 0
4.44 3
4.4415 2
4.443 1
4.4445 1
4.446 0
4.4475 1
4.449 2
4.4505 1
4.452 2
4.4535 4
4.455 2
4.4565 1
4.458 1
4.4595 3
4.461 1
4.4625 1
4.464 3
4.4655 3
4.467 0
4.4685 0
4.47 5
4.4715 0
4.473 1
4.4745 4
4.476 1
4.4775 3
4.479 2
4.4805 4
4.482 2
4.4835 4
4.485 1
4.4865 2
4.488 3
4.4895 3
4.491 1
4.4925 2
4.494 1
4.4955 2
4.497 3
4.4985 6
4.5 4
4.5015 2
4.503 3
4.5045 0
4.506 4
4.5075 0
4.509 0
4.5105 1
4.512 1
4.5135 1
4.515 3
4.5165 3
4.518 1
4.5195 0
4.521 7
4.5225 1
4.524 3
4.5255 1
4.527 2
4.5285 1
4.53 1
4.5315 0
4.533 1
4.5345 3
4.536 0
4.5375 2
4.539 1
4.5405 2
4.542 5
4.5435 2
4.545 3
4.5465 4
4.548 1
4.5495 2
4.551 0
4.5525 1
4.554 2
4.5555 6
4.557 2
4.5585 2
4.56 4
4.5615 2
4.563 4
4.5645 1
4.566 4
4.5675 1
4.569 1
4.5705 2
4.572 2
4.5735 2
4.575 0
4.5765 3
4.578 3
4.5795 1
4.581 1
4.5825 3
4.584 2
4.5855 3
4.587 2
4.5885 0
4.59 2
4.5915 6
4.593 1
4.5945 3
4.596 2
4.5975 1
4.599 2
4.6005 1
4.602 1
4.6035 4
4.605 1
4.6065 1
4.608 7
4.6095 3
4.611 3
4.6125 4
4.614 2
4.6155 1
4.617 3
4.6185 0
4.62 4
4.6215 6
4.623 1
4.6245 4
4.626 1
4.6275 1
4.629 2
4.6305 1
4.632 0
4.6335 1
4.635 0
4.6365 4
4.638 4
4.6395 2
4.641 3
4.6425 1
4.644 2
4.6455 3
4.647 3
4.6485 2
4.65 2
4.6515 2
4.653 2
4.6545 3
4.656 3
4.6575 1
4.659 3
4.6605 2
4.662 3
4.6635 1
4.665 0
4.6665 2
4.668 1
4.6695 2
4.671 1
4.6725 1
4.674 3
4.6755 3
4.677 2
4.6785 1
4.68 0
4.6815 1
4.683 1
4.6845 2
4.686 2
4.6875 3
4.689 3
4.6905 0
4.692 4
4.6935 1
4.695 2
4.6965 2
4.698 4
4.6995 0
4.701 2
4.7025 2
4.704 1
4.7055 1
4.707 2
4.7085 3
4.71 2
4.7115 0
4.713 2
4.7145 3
4.716 2
4.7175 3
4.719 1
4.7205 1
4.722 0
4.7235 4
4.725 2
4.7265 1
4.728 4
4.7295 1
4.731 3
4.7325 1
4.734 3
4.7355 4
4.737 2
4.7385 1
4.74 3
4.7415 3
4.743 0
4.7445 2
4.746 3
4.7475 1
4.749 3
4.7505 2
4.752 1
4.7535 4
4.755 2
4.7565 3
4.758 3
4.7595 1
4.761 1
4.7625 1
4.764 2
4.7655 1
4.767 4
4.7685 2
4.77 0
4.7715 0
4.773 2
4.7745 2
4.776 3
4.7775 1
4.779 3
4.7805 2
4.782 2
4.7835 2
4.785 1
4.7865 1
4.788 0
4.7895 0
4.791 1
4.7925 2
4.794 4
4.7955 1
4.797 4
4.7985 1
4.8 5
4.8015 2
4.803 0
4.8045 1
4.806 1
4.8075 1
4.809 3
4.8105 1
4.812 1
4.8135 1
4.815 1
4.8165 1
4.818 1
4.8195 2
4.821 2
4.8225 3
4.824 1
4.8255 0
4.827 3
4.8285 2
4.83 4
4.8315 2
4.833 3
4.8345 2
4.836 4
4.8375 2
4.839 1
4.8405 0
4.842 2
4.8435 2
4.845 3
4.8465 0
4.848 1
4.8495 2
4.851 3
4.8525 2
4.854 1
4.8555 1
4.857 3
4.8585 0
4.86 1
4.8615 0
4.863 1
4.8645 1
4.866 1
4.8675 0
4.869 0
4.8705 1
4.872 3
4.8735 6
4.875 2
4.8765 1
4.878 2
4.8795 3
4.881 4
4.8825 0
4.884 1
4.8855 2
4.887 4
4.8885 3
4.89 1
4.8915 3
4.893 4
4.8945 1
4.896 4
4.8975 2
4.899 3
4.9005 1
4.902 2
4.9035 2
4.905 2
4.9065 0
4.908 3
4.9095 0
4.911 3
4.9125 3
4.914 1
4.9155 3
4.917 3
4.9185 2
4.92 7
4.9215 2
4.923 5
4.9245 0
4.926 2
4.9275 3
4.929 3
4.9305 0
4.932 1
4.9335 1
4.935 1
4.9365 2
4.938 1
4.9395 2
4.941 1
4.9425 0
4.944 2
4.9455 1
4.947 2
4.9485 0
4.95 3
4.9515 3
4.953 0
4.9545 1
4.956 0
4.9575 1
4.959 1
4.9605 3
4.962 0
4.9635 0
4.965 1
4.9665 1
4.968 2
4.9695 2
4.971 0
4.9725 1
4.974 1
4.9755 1
4.977 3
4.9785 1
4.98 1
4.9815 1
4.983 2
4.9845 0
4.986 2
4.9875 3
4.989 1
4.9905 3
4.992 1
4.9935 5
4.995 3
4.9965 0
4.998 1
4.9995 4
5.001 0
5.0025 3
5.004 2
5.0055 2
5.007 4
5.0085 0
5.01 4
5.0115 1
5.013 3
5.0145 1
5.016 0
5.0175 0
5.019 1
5.0205 2
5.022 4
5.0235 3
5.025 3
5.0265 2
5.028 3
5.0295 1
5.031 1
5.0325 1
5.034 2
5.0355 1
5.037 2
5.0385 1
5.04 2
5.0415 0
5.043 1
5.0445 2
5.046 1
5.0475 1
5.049 2
5.0505 0
5.052 2
5.0535 1
5.055 4
5.0565 1
5.058 1
5.0595 0
5.061 1
5.0625 2
5.064 2
5.0655 4
5.067 2
5.0685 1
5.07 1
5.0715 1
5.073 3
5.0745 6
5.076 3
5.0775 4
5.079 1
5.0805 0
5.082 2
5.0835 3
5.085 2
5.0865 0
5.088 2
5.0895 2
5.091 3
5.0925 3
5.094 2
5.0955 0
5.097 2
5.0985 1
5.1 3
5.1015 1
5.103 2
5.1045 1
5.106 1
5.1075 2
5.109 1
5.1105 3
5.112 0
5.1135 1
5.115 3
5.1165 1
5.118 0
5.1195 1
5.121 3
5.1225 2
5.124 1
5.1255 3
5.127 3
5.1285 2
5.13 3
5.1315 1
5.133 2
5.1345 0
5.136 1
5.1375 3
5.139 0
5.1405 1
5.142 2
5.1435 2
5.145 2
5.1465 0
5.148 3
5.1495 0
5.151 3
5.1525 0
5.154 2
5.1555 0
5.157 0
5.1585 5
5.16 2
5.1615 0
5.163 3
5.1645 2
5.166 3
5.1675 1
5.169 1
5.1705 3
5.172 0
5.1735 4
5.175 2
5.1765 3
5.178 4
5.1795 1
5.181 1
5.1825 2
5.184 3
5.1855 0
5.187 2
5.1885 2
5.19 1
5.1915 2
5.193 0
5.1945 0
5.196 0
5.1975 4
5.199 4
5.2005 1
5.202 1
5.2035 1
5.205 3
5.2065 1
5.208 2
5.2095 0
5.211 2
5.2125 3
5.214 0
5.2155 0
5.217 4
5.2185 2
5.22 1
5.2215 1
5.223 2
5.2245 1
5.226 1
5.2275 1
5.229 2
5.2305 0
5.232 0
5.2335 2
5.235 0
5.2365 1
5.238 3
5.2395 3
5.241 1
5.2425 1
5.244 0
5.2455 0
5.247 2
5.2485 1
5.25 3
5.2515 1
5.253 4
5.2545 1
5.256 3
5.2575 0
5.259 3
5.2605 0
5.262 2
5.2635 2
5.265 0
5.2665 1
5.268 0
5.2695 2
5.271 2
5.2725 1
5.274 1
5.2755 2
5.277 3
5.2785 3
5.28 1
5.2815 1
5.283 1
5.2845 1
5.286 2
5.2875 1
5.289 1
5.2905 3
5.292 2
5.2935 2
5.295 2
5.2965 1
5.298 1
5.2995 0
5.301 4
5.3025 1
5.304 1
5.3055 3
5.307 0
5.3085 1
5.31 3
5.3115 2
5.313 2
5.3145 1
5.316 1
5.3175 0
5.319 3
5.3205 4
5.322 2
5.3235 2
5.325 1
5.3265 4
5.328 1
5.3295 2
5.331 1
5.3325 0
5.334 3
5.3355 4
5.337 2
5.3385 2
5.34 0
5.3415 0
5.343 0
5.3445 2
5.346 0
5.3475 1
5.349 2
5.3505 0
5.352 0
5.3535 1
5.355 4
5.3565 1
5.358 1
5.3595 2
5.361 2
5.3625 1
5.364 0
5.3655 0
5.367 2
5.3685 0
5.37 5
5.3715 1
5.373 4
5.3745 5
5.376 2
5.3775 4
5.379 1
5.3805 2
5.382 3
5.3835 1
5.385 2
5.3865 1
5.388 0
5.3895 1
5.391 1
5.3925 1
5.394 2
5.3955 2
5.397 4
5.3985 1
5.4 0
5.4015 1
5.403 2
5.4045 4
5.406 2
5.4075 4
5.409 0
5.4105 0
5.412 1
5.4135 2
5.415 2
5.4165 1
5.418 5
5.4195 0
5.421 1
5.4225 1
5.424 2
5.4255 1
5.427 4
5.4285 2
5.43 3
5.4315 2
5.433 0
5.4345 2
5.436 2
5.4375 4
5.439 0
5.4405 4
5.442 1
5.4435 1
5.445 1
5.4465 2
5.448 2
5.4495 1
5.451 2
5.4525 2
5.454 1
5.4555 0
5.457 0
5.4585 2
5.46 0
5.4615 0
5.463 3
5.4645 1
5.466 2
5.4675 1
5.469 1
5.4705 0
5.472 2
5.4735 2
5.475 3
5.4765 1
5.478 3
5.4795 2
5.481 1
5.4825 2
5.484 3
5.4855 2
5.487 3
5.4885 0
5.49 2
5.4915 4
5.493 2
5.4945 2
5.496 3
5.4975 0
5.499 1
5.5005 5
5.502 0
5.5035 1
5.505 1
5.5065 4
5.508 1
5.5095 3
5.511 5
5.5125 1
5.514 2
5.5155 0
5.517 3
5.5185 2
5.52 0
5.5215 4
5.523 2
5.5245 3
5.526 1
5.5275 2
5.529 0
5.5305 1
5.532 1
5.5335 4
5.535 2
5.5365 3
5.538 1
5.5395 1
5.541 1
5.5425 0
5.544 2
5.5455 3
5.547 2
5.5485 2
5.55 2
5.5515 2
5.553 5
5.5545 1
5.556 0
5.5575 3
5.559 1
5.5605 2
5.562 3
5.5635 3
5.565 1
5.5665 2
5.568 3
5.5695 4
5.571 2
5.5725 5
5.574 3
5.5755 0
5.577 1
5.5785 4
5.58 2
5.5815 1
5.583 2
5.5845 3
5.586 0
5.5875 1
5.589 2
5.5905 2
5.592 1
5.5935 2
5.595 2
5.5965 1
5.598 1
5.5995 2
5.601 3
5.6025 0
5.604 3
5.6055 3
5.607 3
5.6085 5
5.61 4
5.6115 0
5.613 2
5.6145 1
5.616 6
5.6175 1
5.619 5
5.6205 0
5.622 1
5.6235 2
5.625 2
5.6265 1
5.628 2
5.6295 4
5.631 2
5.6325 2
5.634 5
5.6355 2
5.637 0
5.6385 1
5.64 1
5.6415 2
5.643 3
5.6445 4
5.646 1
5.6475 2
5.649 1
5.6505 2
5.652 1
5.6535 1
5.655 2
5.6565 5
5.658 3
5.6595 1
5.661 3
5.6625 2
5.664 2
5.6655 2
5.667 3
5.6685 1
5.67 1
5.6715 4
5.673 3
5.6745 2
5.676 4
5.6775 1
5.679 1
5.6805 1
5.682 1
5.6835 2
5.685 1
5.6865 2
5.688 4
5.6895 0
5.691 1
5.6925 0
5.694 1
5.6955 0
5.697 1
5.6985 1
5.7 3
5.7015 1
5.703 2
5.7045 2
5.706 2
5.7075 2
5.709 1
5.7105 1
5.712 1
5.7135 3
5.715 0
5.7165 2
5.718 2
5.7195 2
5.721 1
5.7225 1
5.724 1
5.7255 1
5.727 4
5.7285 2
5.73 1
5.7315 1
5.733 0
5.7345 1
5.736 0
5.7375 3
5.739 3
5.7405 4
5.742 1
5.7435 3
5.745 1
5.7465 1
5.748 1
5.7495 2
5.751 0
5.7525 2
5.754 1
5.7555 3
5.757 3
5.7585 2
5.76 2
5.7615 2
5.763 2
5.7645 0
5.766 0
5.7675 5
5.769 3
5.7705 2
5.772 1
5.7735 1
5.775 2
5.7765 1
5.778 2
5.7795 2
5.781 1
5.7825 2
5.784 0
5.7855 1
5.787 5
5.7885 0
5.79 3
5.7915 2
5.793 2
5.7945 1
5.796 3
5.7975 1
5.799 2
5.8005 4
5.802 3
5.8035 2
5.805 3
5.8065 0
5.808 3
5.8095 2
5.811 6
5.8125 1
5.814 1
5.8155 3
5.817 1
5.8185 1
5.82 2
5.8215 5
5.823 2
5.8245 3
5.826 0
5.8275 1
5.829 4
5.8305 2
5.832 2
5.8335 1
5.835 1
5.8365 1
5.838 1
5.8395 2
5.841 2
5.8425 3
5.844 1
5.8455 3
5.847 0
5.8485 2
5.85 0
5.8515 5
5.853 3
5.8545 2
5.856 5
5.8575 3
5.859 1
5.8605 2
5.862 3
5.8635 3
5.865 1
5.8665 2
5.868 0
5.8695 1
5.871 5
5.8725 0
5.874 3
5.8755 3
5.877 2
5.8785 0
5.88 1
5.8815 3
5.883 1
5.8845 1
5.886 1
5.8875 1
5.889 1
5.8905 4
5.892 2
5.8935 2
5.895 1
5.8965 2
5.898 3
5.8995 4
5.901 1
5.9025 1
5.904 3
5.9055 0
5.907 2
5.9085 1
5.91 4
5.9115 4
5.913 1
5.9145 1
5.916 5
5.9175 0
5.919 2
5.9205 2
5.922 0
5.9235 2
5.925 2
5.9265 3
5.928 2
5.9295 2
5.931 0
5.9325 0
5.934 1
5.9355 1
5.937 5
5.9385 1
5.94 1
5.9415 1
5.943 2
5.9445 1
5.946 0
5.9475 1
5.949 0
5.9505 0
5.952 1
5.9535 3
5.955 2
5.9565 1
5.958 1
5.9595 1
5.961 2
5.9625 2
5.964 2
5.9655 0
5.967 1
5.9685 3
5.97 0
5.9715 0
5.973 1
5.9745 3
5.976 4
5.9775 5
5.979 4
5.9805 3
5.982 0
5.9835 6
5.985 2
5.9865 1
5.988 5
5.9895 3
5.991 1
5.9925 4
5.994 0
5.9955 3
5.997 2
5.9985 2
6 2
6.0015 3
6.003 1
6.0045 1
6.006 0
6.0075 0
6.009 4
6.0105 4
6.012 2
6.0135 0
6.015 0
6.0165 0
6.018 3
6.0195 1
6.021 0
6.0225 1
6.024 2
6.0255 2
6.027 2
6.0285 1
6.03 0
6.0315 1
6.033 0
6.0345 2
6.036 2
6.0375 4
6.039 2
6.0405 2
6.042 4
6.0435 0
6.045 1
6.0465 2
6.048 3
6.0495 0
6.051 2
6.0525 1
6.054 2
6.0555 1
6.057 0
6.0585 0
6.06 2
6.0615 3
6.063 0
6.0645 2
6.066 2
6.0675 2
6.069 0
6.0705 3
6.072 1
6.0735 1
6.075 1
6.0765 2
6.078 2
6.0795 1
6.081 1
6.0825 2
6.084 1
6.0855 1
6.087 3
6.0885 1
6.09 1
6.0915 0
6.093 1
6.0945 0
6.096 2
6.0975 2
6.099 2
6.1005 1
6.102 3
6.1035 2
6.105 3
6.1065 2
6.108 3
6.1095 2
6.111 3
6.1125 7
6.114 1
6.1155 4
6.117 4
6.1185 1
6.12 2
6.1215 0
6.123 2
6.1245 2
6.126 1
6.1275 4
6.129 0
6.1305 4
6.132 1
6.1335 2
6.135 1
6.1365 2
6.138 1
6.1395 1
6.141 0
6.1425 1
6.144 2
6.1455 1
6.147 2
6.1485 2
6.15 2
6.1515 1
6.153 3
6.1545 2
6.156 1
6.1575 2
6.159 1
6.1605 0
6.162 2
6.1635 5
6.165 0
6.1665 0
6.168 1
6.1695 0
6.171 1
6.1725 3
6.174 0
6.1755 2
6.177 2
6.1785 2
6.18 1
6.1815 1
6.183 2
6.1845 2
6.186 0
6.1875 3
6.189 3
6.1905 1
6.192 1
6.1935 1
6.195 1
6.1965 4
6.198 1
6.1995 2
6.201 2
6.2025 2
6.204 1
6.2055 1
6.207 0
6.2085 1
6.21 2
6.2115 2
6.213 1
6.2145 1
6.216 2
6.2175 3
6.219 0
6.2205 1
6.222 3
6.2235 0
6.225 2
6.2265 1
6.228 3
6.2295 1
6.231 3
6.2325 0
6.234 4
6.2355 3
6.237 5
6.2385 2
6.24 2
6.2415 2
6.243 1
6.2445 0
6.246 0
6.2475 1
6.249 2
6.2505 2
6.252 1
6.2535 3
6.255 2
6.2565 1
6.258 1
6.2595 0
6.261 3
6.2625 3
6.264 1
6.2655 2
6.267 1
6.2685 2
6.27 2
6.2715 1
6.273 0
6.2745 1
6.276 3
6.2775 0
6.279 3
6.2805 3
6.282 2
6.2835 5
6.285 1
6.2865 4
6.288 1
6.2895 4
6.291 3
6.2925 3
6.294 0
6.2955 4
6.297 2
6.2985 0
6.3 1
6.3015 3
6.303 1
6.3045 2
6.306 3
6.3075 3
6.309 3
6.3105 2
6.312 1
6.3135 1
6.315 2
6.3165 0
6.318 1
6.3195 2
6.321 0
6.3225 0
6.324 2
6.3255 0
6.327 2
6.3285 1
6.33 2
6.3315 0
6.333 0
6.3345 2
6.336 1
6.3375 3
6.339 1
6.3405 2
6.342 1
6.3435 4
6.345 2
6.3465 4
6.348 0
6.3495 3
6.351 2
6.3525 1
6.354 1
6.3555 1
6.357 4
6.3585 0
6.36 0
6.3615 1
6.363 3
6.3645 1
6.366 1
6.3675 0
6.369 2
6.3705 2
6.372 3
6.3735 0
6.375 4
6.3765 1
6.378 0
6.3795 2
6.381 0
6.3825 2
6.384 4
6.3855 3
6.387 1
6.3885 2
6.39 2
6.3915 1
6.393 1
6.3945 1
6.396 2
6.3975 3
6.399 1
6.4005 1
6.402 3
6.4035 1
6.405 1
6.4065 0
6.408 2
6.4095 3
6.411 3
6.4125 1
6.414 3
6.4155 2
6.417 1
6.4185 2
6.42 2
6.4215 1
6.423 0
6.4245 1
6.426 3
6.4275 3
6.429 3
6.4305 2
6.432 0
6.4335 2
6.435 3
6.4365 2
6.438 0
6.4395 3
6.441 2
6.4425 4
6.444 2
6.4455 0
6.447 1
6.4485 3
6.45 3
6.4515 2
6.453 0
6.4545 2
6.456 2
6.4575 2
6.459 2
6.4605 3
6.462 0
6.4635 3
6.465 2
6.4665 2
6.468 3
6.4695 1
6.471 3
6.4725 1
6.474 3
6.4755 5
6.477 0
6.4785 2
6.48 3
6.4815 0
6.483 5
6.4845 3
6.486 2
6.4875 2
6.489 3
6.4905 2
6.492 1
6.4935 1
6.495 0
6.4965 2
6.498 3
6.4995 0
6.501 1
6.5025 0
6.504 2
6.5055 3
6.507 3
6.5085 0
6.51 3
6.5115 3
6.513 3
6.5145 1
6.516 5
6.5175 5
6.519 3
6.5205 1
6.522 2
6.5235 2
6.525 2
6.5265 4
6.528 1
6.5295 3
6.531 1
6.5325 2
6.534 1
6.5355 0
6.537 2
6.5385 1
6.54 1
6.5415 2
6.543 2
6.5445 0
6.546 1
6.5475 1
6.549 1
6.5505 2
6.552 1
6.5535 2
6.555 0
6.5565 2
6.558 2
6.5595 0
6.561 1
6.5625 1
6.564 2
6.5655 4
6.567 0
6.5685 2
6.57 1
6.5715 1
6.573 1
6.5745 0
6.576 3
6.5775 5
6.579 1
6.5805 2
6.582 0
6.5835 1
6.585 4
6.5865 1
6.588 2
6.5895 3
6.591 1
6.5925 2
6.594 0
6.5955 2
6.597 2
6.5985 4
6.6 2
6.6015 3
6.603 4
6.6045 1
6.606 3
6.6075 1
6.609 0
6.6105 2
6.612 1
6.6135 1
6.615 2
6.6165 6
6.618 2
6.6195 4
6.621 2
6.6225 2
6.624 1
6.6255 0
6.627 3
6.6285 2
6.63 1
6.6315 4
6.633 4
6.6345 0
6.636 2
6.6375 4
6.639 2
6.6405 2
6.642 4
6.6435 5
6.645 3
6.6465 2
6.648 4
6.6495 3
6.651 6
6.6525 0
6.654 1
6.6555 1
6.657 4
6.6585 3
6.66 2
6.6615 5
6.663 3
6.6645 1
6.666 1
6.6675 2
6.669 1
6.6705 0
6.672 1
6.6735 2
6.675 1
6.6765 2
6.678 0
6.6795 1
6.681 1
6.6825 0
6.684 4
6.6855 3
6.687 0
6.6885 3
6.69 5
6.6915 2
6.693 4
6.6945 3
6.696 0
6.6975 3
6.699 4
6.7005 2
6.702 0
6.7035 2
6.705 5
6.7065 1
6.708 1
6.7095 2
6.711 0
6.7125 2
6.714 1
6.7155 0
6.717 2
6.7185 1
6.72 4
6.7215 0
6.723 1
6.7245 0
6.726 1
6.7275 2
6.729 0
6.7305 1
6.732 1
6.7335 4
6.735 0
6.7365 3
6.738 3
6.7395 2
6.741 1
6.7425 1
6.744 0
6.7455 1
6.747 2
6.7485 2
6.75 1
6.7515 0
6.753 1
6.7545 1
6.756 1
6.7575 3
6.759 1
6.7605 5
6.762 3
6.7635 4
6.765 2
6.7665 3
6.768 3
6.7695 1
6.771 0
6.7725 0
6.774 5
6.7755 2
6.777 2
6.7785 1
6.78 2
6.7815 2
6.783 1
6.7845 0
6.786 1
6.7875 0
6.789 1
6.7905 1
6.792 3
6.7935 1
6.795 3
6.7965 2
6.798 3
6.7995 0
6.801 1
6.8025 5
6.804 1
6.8055 2
6.807 2
6.8085 2
6.81 3
6.8115 1
6.813 5
6.8145 3
6.816 0
6.8175 0
6.819 0
6.8205 5
6.822 0
6.8235 0
6.825 1
6.8265 1
6.828 3
6.8295 1
6.831 2
6.8325 1
6.834 0
6.8355 2
6.837 4
6.8385 3
6.84 3
6.8415 2
6.843 0
6.8445 1
6.846 5
6.8475 2
6.849 2
6.8505 1
6.852 0
6.8535 4
6.855 1
6.8565 1
6.858 2
6.8595 2
6.861 0
6.8625 1
6.864 3
6.8655 1
6.867 0
6.8685 3
6.87 1
6.8715 2
6.873 2
6.8745 2
6.876 2
6.8775 2
6.879 4
6.8805 0
6.882 1
6.8835 3
6.885 0
6.8865 3
6.888 1
6.8895 0
6.891 2
6.8925 2
6.894 1
6.8955 1
6.897 3
6.8985 3
6.9 2
6.9015 1
6.903 3
6.9045 1
6.906 2
6.9075 1
6.909 1
6.9105 1
6.912 1
6.9135 3
6.915 3
6.9165 0
6.918 1
6.9195 3
6.921 1
6.9225 1
6.924 1
6.9255 1
6.927 1
6.9285 1
6.93 1
6.9315 3
6.933 3
6.9345 1
6.936 1
6.9375 2
6.939 1
6.9405 1
6.942 1
6.9435 3
6.945 0
6.9465 1
6.948 1
6.9495 4
6.951 4
6.9525 1
6.954 4
6.9555 3
6.957 3
6.9585 2
6.96 1
6.9615 0
6.963 0
6.9645 1
6.966 0
6.9675 1
6.969 1
6.9705 2
6.972 3
6.9735 3
6.975 1
6.9765 5
6.978 1
6.9795 1
6.981 2
6.9825 0
6.984 3
6.9855 2
6.987 1
6.9885 5
6.99 0
6.9915 4
6.993 1
6.9945 1
6.996 1
6.9975 6
6.999 2
7.0005 3
7.002 5
7.0035 1
7.005 1
7.0065 2
7.008 1
7.0095 5
7.011 3
7.0125 5
7.014 1
7.0155 1
7.017 3
7.0185 1
7.02 1
7.0215 3
7.023 2
7.0245 3
7.026 3
7.0275 1
7.029 0
7.0305 4
7.032 2
7.0335 2
7.035 1
7.0365 4
7.038 0
7.0395 4
7.041 2
7.0425 1
7.044 3
7.0455 4
7.047 2
7.0485 1
7.05 3
7.0515 1
7.053 1
7.0545 7
7.056 3
7.0575 1
7.059 3
7.0605 2
7.062 1
7.0635 3
7.065 2
7.0665 1
7.068 2
7.0695 4
7.071 2
7.0725 1
7.074 4
7.0755 0
7.077 1
7.0785 2
7.08 2
7.0815 1
7.083 4
7.0845 0
7.086 4
7.0875 0
7.089 1
7.0905 3
7.092 2
7.0935 0
7.095 2
7.0965 0
7.098 3
7.0995 2
7.101 2
7.1025 0
7.104 1
7.1055 1
7.107 1
7.1085 2
7.11 0
7.1115 0
7.113 0
7.1145 4
7.116 2
7.1175 2
7.119 0
7.1205 2
7.122 0
7.1235 5
7.125 2
7.1265 3
7.128 3
7.1295 0
7.131 2
7.1325 1
7.134 0
7.1355 1
7.137 3
7.1385 1
7.14 0
7.1415 1
7.143 2
7.1445 1
7.146 2
7.1475 2
7.149 3
7.1505 2
7.152 0
7.1535 2
7.155 3
7.1565 2
7.158 3
7.1595 5
7.161 0
7.1625 2
7.164 1
7.1655 1
7.167 2
7.1685 4
7.17 3
7.1715 0
7.173 1
7.1745 1
7.176 0
7.1775 3
7.179 3
7.1805 6
7.182 3
7.1835 0
7.185 1
7.1865 1
7.188 2
7.1895 1
7.191 1
7.1925 1
7.194 1
7.1955 1
7.197 0
7.1985 1
7.2 0
7.2015 1
7.203 2
7.2045 1
7.206 3
7.2075 5
7.209 3
7.2105 1
7.212 2
7.2135 3
7.215 2
7.2165 1
7.218 3
7.2195 4
7.221 1
7.2225 4
7.224 3
7.2255 1
7.227 2
7.2285 0
7.23 2
7.2315 1
7.233 2
7.2345 2
7.236 2
7.2375 2
7.239 3
7.2405 0
7.242 3
7.2435 2
7.245 1
7.2465 0
7.248 5
7.2495 0
7.251 2
7.2525 2
7.254 3
7.2555 1
7.257 1
7.2585 4
7.26 4
7.2615 1
7.263 0
7.2645 2
7.266 2
7.2675 3
7.269 2
7.2705 1
7.272 2
7.2735 3
7.275 2
7.2765 3
7.278 1
7.2795 1
7.281 2
7.2825 0
7.284 3
7.2855 3
7.287 3
7.2885 4
7.29 0
7.2915 0
7.293 3
7.2945 3
7.296 2
7.2975 1
7.299 1
7.3005 1
7.302 1
7.3035 1
7.305 3
7.3065 0
7.308 2
7.3095 2
7.311 2
7.3125 2
7.314 2
7.3155 4
7.317 3
7.3185 1
7.32 1
7.3215 0
7.323 2
7.3245 2
7.326 2
7.3275 0
7.329 1
7.3305 3
7.332 6
7.3335 3
7.335 0
7.3365 0
7.338 0
7.3395 3
7.341 3
7.3425 3
7.344 2
7.3455 1
7.347 4
7.3485 2
7.35 6
7.3515 5
7.353 4
7.3545 0
7.356 3
7.3575 0
7.359 1
7.3605 3
7.362 0
7.3635 2
7.365 4
7.3665 3
7.368 2
7.3695 2
7.371 3
7.3725 2
7.374 2
7.3755 1
7.377 1
7.3785 0
7.38 1
7.3815 1
7.383 0
7.3845 2
7.386 3
7.3875 3
7.389 2
7.3905 3
7.392 1
7.3935 4
7.395 2
7.3965 0
7.398 1
7.3995 4
7.401 6
7.4025 6
7.404 0
7.4055 1
7.407 0
7.4085 2
7.41 1
7.4115 3
7.413 0
7.4145 2
7.416 4
7.4175 1
7.419 0
7.4205 4
7.422 3
7.4235 3
7.425 0
7.4265 1
7.428 3
7.4295 2
7.431 3
7.4325 5
7.434 2
7.4355 1
7.437 2
7.4385 3
7.44 1
7.4415 1
7.443 4
7.4445 2
7.446 3
7.4475 2
7.449 0
7.4505 0
7.452 2
7.4535 2
7.455 0
7.4565 0
7.458 3
7.4595 2
7.461 1
7.4625 3
7.464 0
7.4655 4
7.467 3
7.4685 2
7.47 3
7.4715 2
7.473 5
7.4745 3
7.476 3
7.4775 3
7.479 3
7.4805 1
7.482 0
7.4835 1
7.485 2
7.4865 1
7.488 0
7.4895 1
7.491 3
7.4925 3
7.494 2
7.4955 3
7.497 1
7.4985 1
7.5 1
7.5015 1
7.503 3
7.5045 1
7.506 2
7.5075 2
7.509 1
7.5105 2
7.512 3
7.5135 4
7.515 3
7.5165 1
7.518 1
7.5195 3
7.521 4
7.5225 2
7.524 2
7.5255 0
7.527 0
7.5285 3
7.53 5
7.5315 1
7.533 3
7.5345 1
7.536 1
7.5375 4
7.539 3
7.5405 1
7.542 1
7.5435 0
7.545 2
7.5465 1
7.548 2
7.5495 1
7.551 1
7.5525 2
7.554 3
7.5555 2
7.557 4
7.5585 3
7.56 5
7.5615 1
7.563 3
7.5645 1
7.566 6
7.5675 0
7.569 3
7.5705 1
7.572 0
7.5735 3
7.575 1
7.5765 1
7.578 2
7.5795 4
7.581 3
7.5825 1
7.584 3
7.5855 0
7.587 1
7.5885 1
7.59 1
7.5915 3
7.593 3
7.5945 4
7.596 2
7.5975 4
7.599 2
7.6005 1
7.602 0
7.6035 0
7.605 3
7.6065 4
7.608 3
7.6095 1
7.611 2
7.6125 2
7.614 1
7.6155 4
7.617 3
7.6185 1
7.62 2
7.6215 3
7.623 3
7.6245 0
7.626 1
7.6275 1
7.629 0
7.6305 2
7.632 1
7.6335 0
7.635 2
7.6365 0
7.638 1
7.6395 1
7.641 3
7.6425 0
7.644 0
7.6455 0
7.647 4
7.6485 2
7.65 2
7.6515 0
7.653 2
7.6545 2
7.656 2
7.6575 0
7.659 1
7.6605 0
7.662 2
7.6635 0
7.665 1
7.6665 1
7.668 3
7.6695 0
7.671 4
7.6725 1
7.674 3
7.6755 2
7.677 3
7.6785 2
7.68 1
7.6815 0
7.683 5
7.6845 3
7.686 1
7.6875 4
7.689 0
7.6905 0
7.692 2
7.6935 3
7.695 1
7.6965 3
7.698 3
7.6995 2
7.701 1
7.7025 4
7.704 3
7.7055 1
7.707 0
7.7085 0
7.71 1
7.7115 2
7.713 4
7.7145 0
7.716 0
7.7175 2
7.719 2
7.7205 4
7.722 4
7.7235 1
7.725 4
7.7265 2
7.728 4
7.7295 0
7.731 4
7.7325 0
7.734 0
7.7355 2
7.737 6
7.7385 1
7.74 3
7.7415 5
7.743 1
7.7445 2
7.746 0
7.7475 2
7.749 3
7.7505 2
7.752 1
7.7535 2
7.755 5
7.7565 0
7.758 3
7.7595 2
7.761 1
7.7625 2
7.764 0
7.7655 4
7.767 2
7.7685 1
7.77 0
7.7715 2
7.773 0
7.7745 0
7.776 2
7.7775 2
7.779 1
7.7805 3
7.782 2
7.7835 1
7.785 0
7.7865 1
7.788 2
7.7895 2
7.791 3
7.7925 4
7.794 2
7.7955 3
7.797 2
7.7985 2
7.8 1
7.8015 2
7.803 2
7.8045 2
7.806 2
7.8075 3
7.809 1
7.8105 2
7.812 1
7.8135 2
7.815 2
7.8165 2
7.818 2
7.8195 3
7.821 2
7.8225 3
7.824 2
7.8255 1
7.827 2
7.8285 4
7.83 1
7.8315 1
7.833 1
7.8345 1
7.836 0
7.8375 3
7.839 0
7.8405 2
7.842 5
7.8435 3
7.845 1
7.8465 2
7.848 3
7.8495 0
7.851 3
7.8525 2
7.854 1
7.8555 2
7.857 3
7.8585 0
7.86 1
7.8615 2
7.863 2
7.8645 0
7.866 2
7.8675 4
7.869 1
7.8705 0
7.872 6
7.8735 2
7.875 2
7.8765 1
7.878 2
7.8795 0
7.881 1
7.8825 1
7.884 2
7.8855 4
7.887 2
7.8885 1
7.89 2
7.8915 1
7.893 4
7.8945 2
7.896 0
7.8975 2
7.899 2
7.9005 1
7.902 3
7.9035 1
7.905 1
7.9065 3
7.908 1
7.9095 2
7.911 0
7.9125 1
7.914 4
7.9155 0
7.917 4
7.9185 1
7.92 2
7.9215 0
7.923 2
7.9245 3
7.926 0
7.9275 1
7.929 0
7.9305 3
7.932 3
7.9335 2
7.935 0
7.9365 2
7.938 2
7.9395 2
7.941 0
7.9425 3
7.944 1
7.9455 3
7.947 4
7.9485 5
7.95 1
7.9515 3
7.953 1
7.9545 2
7.956 1
7.9575 6
7.959 1
7.9605 0
7.962 3
7.9635 2
7.965 3
7.9665 0
7.968 2
7.9695 4
7.971 1
7.9725 4
7.974 1
7.9755 2
7.977 3
7.9785 1
7.98 3
7.9815 0
7.983 1
7.9845 1
7.986 3
7.9875 1
7.989 0
7.9905 1
7.992 1
7.9935 3
7.995 4
7.9965 3
7.998 1
7.9995 2
8.001 2
8.0025 1
8.004 1
8.0055 2
8.007 0
8.0085 1
8.01 2
8.0115 3
8.013 4
8.0145 1
8.016 3
8.0175 2
8.019 0
8.0205 0
8.022 3
8.0235 1
8.025 0
8.0265 0
8.028 1
8.0295 0
8.031 0
8.0325 1
8.034 2
8.0355 3
8.037 2
8.0385 0
8.04 1
8.0415 3
8.043 4
8.0445 2
8.046 4
8.0475 0
8.049 3
8.0505 2
8.052 5
8.0535 1
8.055 1
8.0565 0
8.058 1
8.0595 2
8.061 2
8.0625 3
8.064 4
8.0655 3
8.067 2
8.0685 1
8.07 2
8.0715 2
8.073 2
8.0745 1
8.076 0
8.0775 1
8.079 1
8.0805 4
8.082 3
8.0835 2
8.085 1
8.0865 0
8.088 1
8.0895 2
8.091 2
8.0925 3
8.094 0
8.0955 1
8.097 1
8.0985 1
8.1 3
8.1015 0
8.103 4
8.1045 1
8.106 3
8.1075 2
8.109 1
8.1105 1
8.112 3
8.1135 3
8.115 1
8.1165 1
8.118 1
8.1195 1
8.121 2
8.1225 1
8.124 3
8.1255 0
8.127 2
8.1285 0
8.13 1
8.1315 1
8.133 1
8.1345 0
8.136 1
8.1375 2
8.139 1
8.1405 1
8.142 1
8.1435 1
8.145 3
8.1465 2
8.148 2
8.1495 3
8.151 2
8.1525 1
8.154 1
8.1555 2
8.157 5
8.1585 2
8.16 2
8.1615 3
8.163 1
8.1645 3
8.166 1
8.1675 1
8.169 3
8.1705 0
8.172 2
8.1735 1
8.175 5
8.1765 2
8.178 2
8.1795 3
8.181 2
8.1825 1
8.184 3
8.1855 2
8.187 5
8.1885 2
8.19 1
8.1915 1
8.193 0
8.1945 2
8.196 0
8.1975 5
8.199 1
8.2005 1
8.202 3
8.2035 3
8.205 4
8.2065 5
8.208 1
8.2095 0
8.211 2
8.2125 1
8.214 0
8.2155 2
8.217 2
8.2185 1
8.22 3
8.2215 1
8.223 3
8.2245 2
8.226 2
8.2275 3
8.229 2
8.2305 2
8.232 2
8.2335 0
8.235 2
8.2365 0
8.238 3
8.2395 3
8.241 1
8.2425 3
8.244 2
8.2455 3
8.247 1
8.2485 3
8.25 4
8.2515 2
8.253 1
8.2545 1
8.256 0
8.2575 2
8.259 5
8.2605 2
8.262 2
8.2635 2
8.265 3
8.2665 1
8.268 2
8.2695 0
8.271 2
8.2725 2
8.274 1
8.2755 5
8.277 2
8.2785 3
8.28 2
8.2815 2
8.283 0
8.2845 2
8.286 1
8.2875 4
8.289 2
8.2905 3
8.292 0
8.2935 1
8.295 0
8.2965 2
8.298 0
8.2995 2
8.301 3
8.3025 1
8.304 2
8.3055 2
8.307 1
8.3085 2
8.31 3
8.3115 1
8.313 1
8.3145 0
8.316 2
8.3175 3
8.319 3
8.3205 1
8.322 3
8.3235 3
8.325 3
8.3265 2
8.328 2
8.3295 1
8.331 1
8.3325 2
8.334 1
8.3355 0
8.337 3
8.3385 1
8.34 5
8.3415 1
8.343 3
8.3445 0
8.346 2
8.3475 1
8.349 2
8.3505 2
8.352 1
8.3535 1
8.355 2
8.3565 3
8.358 1
8.3595 2
8.361 2
8.3625 0
8.364 2
8.3655 0
8.367 0
8.3685 2
8.37 0
8.3715 0
8.373 3
8.3745 3
8.376 2
8.3775 4
8.379 2
8.3805 2
8.382 1
8.3835 2
8.385 1
8.3865 3
8.388 2
8.3895 2
8.391 0
8.3925 3
8.394 2
8.3955 1
8.397 3
8.3985 0
8.4 3
8.4015 4
8.403 1
8.4045 1
8.406 0
8.4075 2
8.409 3
8.4105 3
8.412 1
8.4135 2
8.415 4
8.4165 0
8.418 2
8.4195 2
8.421 2
8.4225 1
8.424 2
8.4255 2
8.427 2
8.4285 1
8.43 3
8.4315 1
8.433 2
8.4345 1
8.436 3
8.4375 3
8.439 3
8.4405 1
8.442 4
8.4435 1
8.445 3
8.4465 4
8.448 1
8.4495 0
8.451 2
8.4525 0
8.454 1
8.4555 2
8.457 2
8.4585 4
8.46 2
8.4615 3
8.463 2
8.4645 2
8.466 6
8.4675 2
8.469 0
8.4705 4
8.472 0
8.4735 2
8.475 2
8.4765 1
8.478 1
8.4795 2
8.481 0
8.4825 2
8.484 0
8.4855 0
8.487 1
8.4885 4
8.49 1
8.4915 1
8.493 2
8.4945 6
8.496 1
8.4975 1
8.499 0
8.5005 0
8.502 3
8.5035 1
8.505 3
8.5065 1
8.508 4
8.5095 1
8.511 0
8.5125 6
8.514 0
8.5155 2
8.517 2
8.5185 3
8.52 2
8.5215 2
8.523 2
8.5245 1
8.526 1
8.5275 2
8.529 2
8.5305 1
8.532 2
8.5335 6
8.535 2
8.5365 3
8.538 2
8.5395 6
8.541 5
8.5425 1
8.544 1
8.5455 2
8.547 0
8.5485 3
8.55 2
8.5515 0
8.553 1
8.5545 3
8.556 0
8.5575 3
8.559 0
8.5605 1
8.562 1
8.5635 1
8.565 4
8.5665 1
8.568 2
8.5695 0
8.571 2
8.5725 0
8.574 2
8.5755 2
8.577 0
8.5785 2
8.58 5
8.5815 1
8.583 2
8.5845 0
8.586 3
8.5875 0
8.589 3
8.5905 1
8.592 1
8.5935 0
8.595 5
8.5965 1
8.598 2
8.5995 0
8.601 2
8.6025 0
8.604 3
8.6055 3
8.607 2
8.6085 1
8.61 2
8.6115 4
8.613 4
8.6145 1
8.616 0
8.6175 3
8.619 4
8.6205 2
8.622 2
8.6235 0
8.625 0
8.6265 1
8.628 0
8.6295 3
8.631 0
8.6325 0
8.634 0
8.6355 10
8.637 0
8.6385 1
8.64 3
8.6415 1
8.643 2
8.6445 0
8.646 2
8.6475 4
8.649 2
8.6505 0
8.652 1
8.6535 3
8.655 2
8.6565 1
8.658 2
8.6595 2
8.661 0
8.6625 0
8.664 2
8.6655 2
8.667 1
8.6685 3
8.67 2
8.6715 2
8.673 1
8.6745 3
8.676 1
8.6775 3
8.679 2
8.6805 1
8.682 3
8.6835 1
8.685 1
8.6865 1
8.688 0
8.6895 1
8.691 4
8.6925 1
8.694 2
8.6955 1
8.697 1
8.6985 3
8.7 1
8.7015 0
8.703 1
8.7045 2
8.706 1
8.7075 1
8.709 1
8.7105 1
8.712 1
8.7135 0
8.715 3
8.7165 4
8.718 3
8.7195 2
8.721 1
8.7225 0
8.724 0
8.7255 1
8.727 1
8.7285 4
8.73 4
8.7315 1
8.733 3
8.7345 1
8.736 1
8.7375 0
8.739 2
8.7405 1
8.742 1
8.7435 2
8.745 1
8.7465 0
8.748 1
8.7495 5
8.751 4
8.7525 1
8.754 1
8.7555 0
8.757 5
8.7585 1
8.76 1
8.7615 4
8.763 3
8.7645 0
8.766 0
8.7675 0
8.769 2
8.7705 2
8.772 2
8.7735 2
8.775 5
8.7765 5
8.778 2
8.7795 1
8.781 3
8.7825 5
8.784 2
8.7855 1
8.787 0
8.7885 2
8.79 0
8.7915 1
8.793 1
8.7945 1
8.796 3
8.7975 1
8.799 2
8.8005 1
8.802 2
8.8035 3
8.805 2
8.8065 4
8.808 6
8.8095 1
8.811 1
8.8125 4
8.814 2
8.8155 1
8.817 2
8.8185 2
8.82 0
8.8215 1
8.823 3
8.8245 2
8.826 0
8.8275 1
8.829 3
8.8305 2
8.832 0
8.8335 0
8.835 0
8.8365 0
8.838 2
8.8395 2
8.841 1
8.8425 2
8.844 4
8.8455 3
8.847 1
8.8485 0
8.85 1
8.8515 3
8.853 1
8.8545 7
8.856 0
8.8575 3
8.859 0
8.8605 2
8.862 2
8.8635 0
8.865 1
8.8665 4
8.868 2
8.8695 3
8.871 1
8.8725 0
8.874 2
8.8755 0
8.877 1
8.8785 3
8.88 0
8.8815 2
8.883 0
8.8845 0
8.886 1
8.8875 2
8.889 0
8.8905 2
8.892 2
8.8935 2
8.895 0
8.8965 2
8.898 4
8.8995 0
8.901 2
8.9025 3
8.904 2
8.9055 0
8.907 0
8.9085 4
8.91 1
8.9115 2
8.913 2
8.9145 3
8.916 1
8.9175 4
8.919 1
8.9205 3
8.922 1
8.9235 1
8.925 2
8.9265 0
8.928 1
8.9295 1
8.931 0
8.9325 3
8.934 3
8.9355 1
8.937 2
8.9385 6
8.94 0
8.9415 3
8.943 3
8.9445 1
8.946 0
8.9475 3
8.949 2
8.9505 3
8.952 0
8.9535 3
8.955 2
8.9565 0
8.958 4
8.9595 1
8.961 0
8.9625 1
8.964 5
8.9655 0
8.967 3
8.9685 0
8.97 4
8.9715 1
8.973 5
8.9745 0
8.976 3
8.9775 2
8.979 3
8.9805 1
8.982 1
8.9835 1
8.985 1
8.9865 0
8.988 0
8.9895 3
8.991 3
8.9925 2
8.994 2
8.9955 1
8.997 1
8.9985 1
9 2
9.0015 4
9.003 1
9.0045 2
9.006 5
9.0075 2
9.009 1
9.0105 2
9.012 0
9.0135 1
9.015 2
9.0165 1
9.018 4
9.0195 2
9.021 1
9.0225 0
9.024 1
9.0255 1
9.027 1
9.0285 4
9.03 2
9.0315 1
9.033 3
9.0345 1
9.036 0
9.0375 2
9.039 3
9.0405 3
9.042 2
9.0435 7
9.045 1
9.0465 7
9.048 2
9.0495 5
9.051 0
9.0525 5
9.054 1
9.0555 2
9.057 2
9.0585 3
9.06 1
9.0615 1
9.063 2
9.0645 0
9.066 1
9.0675 2
9.069 1
9.0705 0
9.072 1
9.0735 2
9.075 1
9.0765 2
9.078 1
9.0795 2
9.081 1
9.0825 0
9.084 3
9.0855 1
9.087 0
9.0885 3
9.09 1
9.0915 4
9.093 3
9.0945 1
9.096 5
9.0975 2
9.099 1
9.1005 3
9.102 1
9.1035 1
9.105 1
9.1065 0
9.108 2
9.1095 1
9.111 1
9.1125 1
9.114 3
9.1155 2
9.117 1
9.1185 3
9.12 0
9.1215 0
9.123 2
9.1245 3
9.126 0
9.1275 3
9.129 2
9.1305 2
9.132 1
9.1335 0
9.135 1
9.1365 1
9.138 1
9.1395 0
9.141 0
9.1425 2
9.144 3
9.1455 2
9.147 1
9.1485 3
9.15 2
9.1515 0
9.153 1
9.1545 4
9.156 2
9.1575 1
9.159 3
9.1605 0
9.162 4
9.1635 2
9.165 0
9.1665 1
9.168 2
9.1695 2
9.171 4
9.1725 3
9.174 3
9.1755 0
9.177 2
9.1785 4
9.18 2
9.1815 2
9.183 2
9.1845 4
9.186 0
9.1875 1
9.189 2
9.1905 3
9.192 1
9.1935 2
9.195 2
9.1965 2
9.198 1
9.1995 5
9.201 3
9.2025 1
9.204 3
9.2055 1
9.207 0
9.2085 2
9.21 3
9.2115 2
9.213 0
9.2145 0
9.216 3
9.2175 1
9.219 2
9.2205 0
9.222 3
9.2235 2
9.225 2
9.2265 2
9.228 3
9.2295 1
9.231 0
9.2325 4
9.234 1
9.2355 1
9.237 2
9.2385 1
9.24 3
9.2415 0
9.243 0
9.2445 1
9.246 1
9.2475 2
9.249 1
9.2505 1
9.252 0
9.2535 2
9.255 4
9.2565 1
9.258 0
9.2595 1
9.261 2
9.2625 0
9.264 2
9.2655 1
9.267 2
9.2685 1
9.27 1
9.2715 2
9.273 1
9.2745 4
9.276 1
9.2775 5
9.279 6
9.2805 2
9.282 0
9.2835 3
9.285 1
9.2865 2
9.288 0
9.2895 2
9.291 2
9.2925 3
9.294 2
9.2955 2
9.297 3
9.2985 0
9.3 3
9.3015 1
9.303 1
9.3045 2
9.306 0
9.3075 2
9.309 3
9.3105 1
9.312 3
9.3135 3
9.315 2
9.3165 2
9.318 4
9.3195 0
9.321 1
9.3225 0
9.324 0
9.3255 2
9.327 1
9.3285 2
9.33 0
9.3315 0
9.333 1
9.3345 3
9.336 2
9.3375 2
9.339 1
9.3405 1
9.342 2
9.3435 5
9.345 0
9.3465 4
9.348 3
9.3495 4
9.351 1
9.3525 3
9.354 2
9.3555 2
9.357 2
9.3585 1
9.36 0
9.3615 3
9.363 2
9.3645 2
9.366 3
9.3675 1
9.369 1
9.3705 3
9.372 2
9.3735 1
9.375 2
9.3765 1
9.378 2
9.3795 2
9.381 2
9.3825 5
9.384 1
9.3855 4
9.387 1
9.3885 1
9.39 1
9.3915 3
9.393 1
9.3945 1
9.396 1
9.3975 1
9.399 0
9.4005 0
9.402 3
9.4035 3
9.405 2
9.4065 2
9.408 1
9.4095 2
9.411 1
9.4125 1
9.414 0
9.4155 1
9.417 2
9.4185 3
9.42 1
9.4215 1
9.423 0
9.4245 1
9.426 4
9.4275 2
9.429 0
9.4305 1
9.432 1
9.4335 1
9.435 0
9.4365 5
9.438 0
9.4395 4
9.441 1
9.4425 1
9.444 1
9.4455 0
9.447 2
9.4485 1
9.45 4
9.4515 4
9.453 5
9.4545 2
9.456 4
9.4575 1
9.459 2
9.4605 2
9.462 2
9.4635 1
9.465 2
9.4665 2
9.468 1
9.4695 1
9.471 0
9.4725 2
9.474 1
9.4755 1
9.477 2
9.4785 0
9.48 2
9.4815 1
9.483 3
9.4845 1
9.486 5
9.4875 0
9.489 0
9.4905 1
9.492 0
9.4935 2
9.495 3
9.4965 5
9.498 4
9.4995 3
9.501 2
9.5025 2
9.504 0
9.5055 0
9.507 1
9.5085 0
9.51 6
9.5115 1
9.513 1
9.5145 3
9.516 2
9.5175 1
9.519 1
9.5205 0
9.522 3
9.5235 2
9.525 2
9.5265 2
9.528 2
9.5295 0
9.531 2
9.5325 1
9.534 1
9.5355 0
9.537 1
9.5385 2
9.54 3
9.5415 2
9.543 1
9.5445 4
9.546 4
9.5475 3
9.549 5
9.5505 0
9.552 2
9.5535 1
9.555 1
9.5565 3
9.558 1
9.5595 4
9.561 5
9.5625 2
9.564 1
9.5655 0
9.567 3
9.5685 6
9.57 4
9.5715 0
9.573 0
9.5745 3
9.576 2
9.5775 1
9.579 1
9.5805 1
9.582 1
9.5835 3
9.585 1
9.5865 0
9.588 3
9.5895 1
9.591 2
9.5925 1
9.594 4
9.5955 1
9.597 1
9.5985 1
9.6 3
9.6015 5
9.603 3
9.6045 1
9.606 1
9.6075 0
9.609 2
9.6105 1
9.612 2
9.6135 0
9.615 0
9.6165 2
9.618 4
9.6195 2
9.621 1
9.6225 1
9.624 2
9.6255 1
9.627 2
9.6285 2
9.63 1
9.6315 1
9.633 1
9.6345 1
9.636 0
9.6375 0
9.639 1
9.6405 1
9.642 4
9.6435 5
9.645 5
9.6465 1
9.648 1
9.6495 3
9.651 2
9.6525 3
9.654 2
9.6555 1
9.657 1
9.6585 2
9.66 3
9.6615 2
9.663 2
9.6645 1
9.666 4
9.6675 3
9.669 1
9.6705 4
9.672 4
9.6735 3
9.675 1
9.6765 1
9.678 1
9.6795 2
9.681 1
9.6825 1
9.684 3
9.6855 2
9.687 2
9.6885 1
9.69 3
9.6915 2
9.693 3
9.6945 2
9.696 0
9.6975 0
9.699 1
9.7005 1
9.702 2
9.7035 2
9.705 2
9.7065 0
9.708 2
9.7095 2
9.711 1
9.7125 3
9.714 3
9.7155 1
9.717 4
9.7185 1
9.72 0
9.7215 0
9.723 0
9.7245 1
9.726 3
9.7275 1
9.729 2
9.7305 3
9.732 4
9.7335 1
9.735 3
9.7365 1
9.738 3
9.7395 2
9.741 1
9.7425 3
9.744 1
9.7455 3
9.747 2
9.7485 4
9.75 0
9.7515 1
9.753 0
9.7545 5
9.756 2
9.7575 0
9.759 2
9.7605 2
9.762 2
9.7635 1
9.765 0
9.7665 0
9.768 0
9.7695 2
9.771 3
9.7725 2
9.774 2
9.7755 1
9.777 2
9.7785 1
9.78 1
9.7815 1
9.783 5
9.7845 1
9.786 4
9.7875 2
9.789 0
9.7905 5
9.792 1
9.7935 1
9.795 2
9.7965 1
9.798 1
9.7995 0
9.801 3
9.8025 2
9.804 2
9.8055 2
9.807 0
9.8085 3
9.81 0
9.8115 0
9.813 3
9.8145 4
9.816 1
9.8175 2
9.819 5
9.8205 1
9.822 3
9.8235 4
9.825 2
9.8265 3
9.828 1
9.8295 2
9.831 1
9.8325 2
9.834 1
9.8355 1
9.837 2
9.8385 2
9.84 1
9.8415 1
9.843 2
9.8445 0
9.846 3
9.8475 1
9.849 4
9.8505 3
9.852 2
9.8535 3
9.855 1
9.8565 2
9.858 2
9.8595 0
9.861 5
9.8625 2
9.864 2
9.8655 2
9.867 4
9.8685 0
9.87 1
9.8715 2
9.873 0
9.8745 1
9.876 1
9.8775 1
9.879 0
9.8805 0
9.882 3
9.8835 3
9.885 1
9.8865 1
9.888 3
9.8895 1
9.891 2
9.8925 1
9.894 3
9.8955 0
9.897 1
9.8985 2
9.9 5
9.9015 3
9.903 1
9.9045 2
9.906 4
9.9075 4
9.909 1
9.9105 3
9.912 1
9.9135 0
9.915 1
9.9165 2
9.918 2
9.9195 2
9.921 2
9.9225 1
9.924 1
9.9255 1
9.927 2
9.9285 1
9.93 2
9.9315 1
9.933 1
9.9345 3
9.936 0
9.9375 4
9.939 1
9.9405 0
9.942 2
9.9435 2
9.945 1
9.9465 0
9.948 1
9.9495 1
9.951 3
9.9525 1
9.954 2
9.9555 3
9.957 4
9.9585 1
9.96 0
9.9615 0
9.963 1
9.9645 5
9.966 4
9.9675 1
9.969 1
9.9705 1
9.972 4
9.9735 2
9.975 2
9.9765 3
9.978 2
9.9795 1
9.981 3
9.9825 2
9.984 1
9.9855 0
9.987 1
9.9885 0
9.99 4
9.9915 3
9.993 1
9.9945 3
9.996 0
9.9975 1
9.999 3
10.0005 4
10.002 1
10.0035 5
10.005 3
10.0065 1
10.008 3
10.0095 4
10.011 1
10.0125 0
10.014 1
10.0155 1
10.017 4
10.0185 1
10.02 0
10.0215 2
10.023 2
10.0245 0
10.026 2
10.0275 1
10.029 1
10.0305 1
10.032 2
10.0335 0
10.035 3
10.0365 3
10.038 1
10.0395 0
10.041 2
10.0425 2
10.044 2
10.0455 1
10.047 1
10.0485 2
10.05 4
10.0515 1
10.053 3
10.0545 2
10.056 4
10.0575 2
10.059 1
10.0605 1
10.062 1
10.0635 0
10.065 1
10.0665 3
10.068 0
10.0695 0
10.071 4
10.0725 2
10.074 3
10.0755 0
10.077 2
10.0785 0
10.08 2
10.0815 3
10.083 1
10.0845 1
10.086 2
10.0875 0
10.089 2
10.0905 1
10.092 3
10.0935 4
10.095 2
10.0965 1
10.098 5
10.0995 2
10.101 2
10.1025 2
10.104 1
10.1055 1
10.107 4
10.1085 1
10.11 0
10.1115 2
10.113 1
10.1145 1
10.116 1
10.1175 1
10.119 2
10.1205 1
10.122 0
10.1235 1
10.125 3
10.1265 3
10.128 1
10.1295 1
10.131 4
10.1325 4
10.134 5
10.1355 3
10.137 1
10.1385 3
10.14 1
10.1415 1
10.143 0
10.1445 1
10.146 2
10.1475 3
10.149 2
10.1505 2
10.152 3
10.1535 4
10.155 0
10.1565 2
10.158 0
10.1595 4
10.161 0
10.1625 2
10.164 2
10.1655 2
10.167 3
10.1685 2
10.17 0
10.1715 2
10.173 2
10.1745 2
10.176 1
10.1775 3
10.179 2
10.1805 3
10.182 2
10.1835 0
10.185 2
10.1865 1
10.188 1
10.1895 1
10.191 5
10.1925 0
10.194 1
10.1955 2
10.197 1
10.1985 1
10.2 5
10.2015 1
10.203 0
10.2045 2
10.206 4
10.2075 1
10.209 2
10.2105 1
10.212 2
10.2135 1
10.215 1
10.2165 2
10.218 2
10.2195 0
10.221 2
10.2225 2
10.224 3
10.2255 2
10.227 1
10.2285 2
10.23 2
10.2315 3
10.233 1
10.2345 2
10.236 2
10.2375 2
10.239 3
10.2405 0
10.242 2
10.2435 4
10.245 1
10.2465 2
10.248 2
10.2495 3
10.251 1
10.2525 1
10.254 1
10.2555 2
10.257 1
10.2585 0
10.26 2
10.2615 1
10.263 1
10.2645 4
10.266 0
10.2675 3
10.269 0
10.2705 0
10.272 2
10.2735 2
10.275 0
10.2765 2
10.278 0
10.2795 1
10.281 2
10.2825 2
10.284 2
10.2855 4
10.287 2
10.2885 2
10.29 3
10.2915 2
10.293 2
10.2945 2
10.296 6
10.2975 4
10.299 0
10.3005 3
10.302 1
10.3035 3
10.305 2
10.3065 1
10.308 1
10.3095 2
10.311 2
10.3125 1
10.314 1
10.3155 1
10.317 1
10.3185 2
10.32 1
10.3215 0
10.323 2
10.3245 0
10.326 3
10.3275 1
10.329 4
10.3305 2
10.332 3
10.3335 0
10.335 2
10.3365 3
10.338 2
10.3395 0
10.341 1
10.3425 0
10.344 4
10.3455 2
10.347 1
10.3485 0
10.35 1
10.3515 0
10.353 1
10.3545 1
10.356 2
10.3575 2
10.359 0
10.3605 0
10.362 1
10.3635 0
10.365 3
10.3665 0
10.368 5
10.3695 0
10.371 0
10.3725 3
10.374 2
10.3755 2
10.377 2
10.3785 1
10.38 3
10.3815 1
10.383 0
10.3845 1
10.386 1
10.3875 3
10.389 1
10.3905 4
10.392 1
10.3935 2
10.395 1
10.3965 1
10.398 0
10.3995 3
10.401 3
10.4025 0
10.404 2
10.4055 3
10.407 3
10.4085 2
10.41 3
10.4115 2
10.413 2
10.4145 1
10.416 1
10.4175 0
10.419 3
10.4205 0
10.422 4
10.4235 0
10.425 1
10.4265 2
10.428 0
10.4295 0
10.431 4
10.4325 1
10.434 0
10.4355 1
10.437 1
10.4385 2
10.44 4
10.4415 1
10.443 1
10.4445 4
10.446 1
10.4475 0
10.449 2
10.4505 2
10.452 1
10.4535 2
10.455 0
10.4565 2
10.458 0
10.4595 2
10.461 2
10.4625 4
10.464 4
10.4655 1
10.467 2
10.4685 1
10.47 0
10.4715 2
10.473 1
10.4745 5
10.476 1
10.4775 1
10.479 1
10.4805 2
10.482 2
10.4835 3
10.485 0
10.4865 2
10.488 1
10.4895 4
10.491 3
10.4925 3
10.494 2
10.4955 3
10.497 0
10.4985 1
10.5 0
10.5015 3
10.503 1
10.5045 1
10.506 2
10.5075 2
10.509 3
10.5105 0
10.512 2
10.5135 2
10.515 0
10.5165 0
10.518 3
10.5195 3
10.521 2
10.5225 0
10.524 4
10.5255 3
10.527 2
10.5285 2
10.53 0
10.5315 1
10.533 4
10.5345 3
10.536 0
10.5375 1
10.539 2
10.5405 2
10.542 3
10.5435 2
10.545 1
10.5465 2
10.548 1
10.5495 2
10.551 1
10.5525 2
10.554 2
10.5555 0
10.557 5
10.5585 3
10.56 2
10.5615 3
10.563 3
10.5645 2
10.566 2
10.5675 2
10.569 1
10.5705 3
10.572 3
10.5735 1
10.575 2
10.5765 2
10.578 5
10.5795 1
10.581 0
10.5825 1
10.584 1
10.5855 2
10.587 1
10.5885 2
10.59 1
10.5915 2
10.593 2
10.5945 2
10.596 0
10.5975 0
10.599 1
10.6005 1
10.602 3
10.6035 2
10.605 1
10.6065 1
10.608 2
10.6095 1
10.611 3
10.6125 1
10.614 4
10.6155 1
10.617 0
10.6185 3
10.62 3
10.6215 1
10.623 2
10.6245 0
10.626 4
10.6275 1
10.629 3
10.6305 5
10.632 0
10.6335 0
10.635 4
10.6365 1
10.638 1
10.6395 2
10.641 2
10.6425 1
10.644 0
10.6455 1
10.647 2
10.6485 2
10.65 1
10.6515 1
10.653 4
10.6545 4
10.656 1
10.6575 2
10.659 2
10.6605 0
10.662 5
10.6635 2
10.665 2
10.6665 4
10.668 3
10.6695 0
10.671 3
10.6725 1
10.674 1
10.6755 4
10.677 3
10.6785 1
10.68 1
10.6815 1
10.683 2
10.6845 2
10.686 2
10.6875 1
10.689 2
10.6905 2
10.692 2
10.6935 0
10.695 4
10.6965 0
10.698 3
10.6995 4
10.701 1
10.7025 2
10.704 2
10.7055 1
10.707 2
10.7085 0
10.71 2
10.7115 3
10.713 3
10.7145 1
10.716 2
10.7175 2
10.719 3
10.7205 1
10.722 2
10.7235 1
10.725 2
10.7265 2
10.728 2
10.7295 2
10.731 5
10.7325 3
10.734 3
10.7355 4
10.737 2
10.7385 1
10.74 0
10.7415 1
10.743 0
10.7445 1
10.746 1
10.7475 1
10.749 0
10.7505 2
10.752 1
10.7535 2
10.755 0
10.7565 2
10.758 3
10.7595 1
10.761 1
10.7625 1
10.764 2
10.7655 3
10.767 0
10.7685 3
10.77 0
10.7715 0
10.773 4
10.7745 1
10.776 0
10.7775 1
10.779 1
10.7805 2
10.782 3
10.7835 0
10.785 2
10.7865 2
10.788 2
10.7895 0
10.791 5
10.7925 0
10.794 0
10.7955 3
10.797 0
10.7985 4
10.8 1
10.8015 2
10.803 1
10.8045 2
10.806 2
10.8075 1
10.809 3
10.8105 1
10.812 2
10.8135 0
10.815 1
10.8165 3
10.818 0
10.8195 2
10.821 2
10.8225 2
10.824 2
10.8255 2
10.827 1
10.8285 2
10.83 4
10.8315 2
10.833 2
10.8345 0
10.836 3
10.8375 3
10.839 0
10.8405 3
10.842 3
10.8435 3
10.845 4
10.8465 0
10.848 0
10.8495 3
10.851 3
10.8525 0
10.854 1
10.8555 3
10.857 1
10.8585 0
10.86 1
10.8615 1
10.863 4
10.8645 2
10.866 2
10.8675 3
10.869 3
10.8705 0
10.872 4
10.8735 0
10.875 1
10.8765 2
10.878 2
10.8795 2
10.881 3
10.8825 2
10.884 3
10.8855 1
10.887 1
10.8885 2
10.89 2
10.8915 4
10.893 1
10.8945 3
10.896 2
10.8975 1
10.899 3
10.9005 3
10.902 3
10.9035 3
10.905 2
10.9065 3
10.908 4
10.9095 1
10.911 1
10.9125 3
10.914 1
10.9155 0
10.917 0
10.9185 3
10.92 3
10.9215 3
10.923 1
10.9245 3
10.926 3
10.9275 1
10.929 2
10.9305 2
10.932 3
10.9335 1
10.935 3
10.9365 2
10.938 4
10.9395 2
10.941 2
10.9425 1
10.944 0
10.9455 2
10.947 1
10.9485 1
10.95 1
10.9515 2
10.953 3
10.9545 1
10.956 0
10.9575 2
10.959 0
10.9605 1
10.962 1
10.9635 1
10.965 0
10.9665 2
10.968 2
10.9695 0
10.971 0
10.9725 1
10.974 3
10.9755 1
10.977 2
10.9785 3
10.98 1
10.9815 1
10.983 1
10.9845 1
10.986 2
10.9875 1
10.989 0
10.9905 2
10.992 2
10.9935 1
10.995 3
10.9965 3
10.998 3
10.9995 0
11.001 1
11.0025 0
11.004 1
11.0055 2
11.007 0
11.0085 1
11.01 0
11.0115 1
11.013 3
11.0145 1
11.016 0
11.0175 0
11.019 0
11.0205 3
11.022 3
11.0235 2
11.025 2
11.0265 2
11.028 3
11.0295 2
11.031 0
11.0325 1
11.034 2
11.0355 4
11.037 1
11.0385 1
11.04 2
11.0415 1
11.043 1
11.0445 0
11.046 3
11.0475 0
11.049 3
11.0505 0
11.052 2
11.0535 1
11.055 4
11.0565 2
11.058 3
11.0595 6
11.061 3
11.0625 0
11.064 2
11.0655 2
11.067 1
11.0685 0
11.07 2
11.0715 1
11.073 2
11.0745 0
11.076 2
11.0775 3
11.079 0
11.0805 3
11.082 1
11.0835 0
11.085 4
11.0865 2
11.088 2
11.0895 0
11.091 2
11.0925 0
11.094 1
11.0955 3
11.097 4
11.0985 4
11.1 3
11.1015 4
11.103 1
11.1045 2
11.106 1
11.1075 0
11.109 2
11.1105 0
11.112 0
11.1135 3
11.115 2
11.1165 4
11.118 0
11.1195 0
11.121 1
11.1225 0
11.124 2
11.1255 0
11.127 1
11.1285 3
11.13 2
11.1315 1
11.133 2
11.1345 1
11.136 1
11.1375 0
11.139 0
11.1405 2
11.142 1
11.1435 4
11.145 2
11.1465 4
11.148 1
11.1495 1
11.151 1
11.1525 0
11.154 1
11.1555 2
11.157 3
11.1585 0
11.16 1
11.1615 2
11.163 2
11.1645 2
11.166 2
11.1675 0
11.169 3
11.1705 1
11.172 2
11.1735 0
11.175 1
11.1765 3
11.178 2
11.1795 3
11.181 2
11.1825 0
11.184 5
11.1855 0
11.187 2
11.1885 3
11.19 1
11.1915 1
11.193 3
11.1945 3
11.196 3
11.1975 0
11.199 3
11.2005 0
11.202 2
11.2035 1
11.205 1
11.2065 2
11.208 5
11.2095 2
11.211 4
11.2125 4
11.214 3
11.2155 1
11.217 0
11.2185 4
11.22 1
11.2215 2
11.223 0
11.2245 4
11.226 1
11.2275 3
11.229 4
11.2305 3
11.232 2
11.2335 1
11.235 2
11.2365 1
11.238 1
11.2395 1
11.241 3
11.2425 3
11.244 1
11.2455 2
11.247 1
11.2485 2
11.25 2
11.2515 2
11.253 2
11.2545 1
11.256 2
11.2575 2
11.259 4
11.2605 3
11.262 1
11.2635 1
11.265 0
11.2665 0
11.268 2
11.2695 2
11.271 1
11.2725 5
11.274 2
11.2755 2
11.277 2
11.2785 1
11.28 1
11.2815 2
11.283 2
11.2845 1
11.286 0
11.2875 3
11.289 3
11.2905 1
11.292 2
11.2935 2
11.295 4
11.2965 0
11.298 0
11.2995 2
11.301 1
11.3025 3
11.304 3
11.3055 3
11.307 1
11.3085 2
11.31 0
11.3115 1
11.313 0
11.3145 0
11.316 0
11.3175 1
11.319 3
11.3205 1
11.322 2
11.3235 0
11.325 1
11.3265 0
11.328 4
11.3295 1
11.331 4
11.3325 3
11.334 4
11.3355 7
11.337 1
11.3385 3
11.34 0
11.3415 0
11.343 1
11.3445 2
11.346 1
11.3475 0
11.349 1
11.3505 3
11.352 3
11.3535 2
11.355 1
11.3565 1
11.358 2
11.3595 1
11.361 0
11.3625 0
11.364 1
11.3655 1
11.367 3
11.3685 0
11.37 2
11.3715 2
11.373 1
11.3745 1
11.376 2
11.3775 0
11.379 2
11.3805 1
11.382 1
11.3835 0
11.385 5
11.3865 4
11.388 1
11.3895 4
11.391 2
11.3925 2
11.394 1
11.3955 0
11.397 4
11.3985 5
11.4 3
11.4015 1
11.403 2
11.4045 2
11.406 3
11.4075 0
11.409 1
11.4105 3
11.412 2
11.4135 0
11.415 0
11.4165 1
11.418 2
11.4195 1
11.421 2
11.4225 2
11.424 3
11.4255 2
11.427 1
11.4285 3
11.43 1
11.4315 2
11.433 2
11.4345 3
11.436 3
11.4375 3
11.439 1
11.4405 2
11.442 0
11.4435 2
11.445 3
11.4465 1
11.448 2
11.4495 3
11.451 2
11.4525 3
11.454 0
11.4555 1
11.457 1
11.4585 0
11.46 4
11.4615 1
11.463 1
11.4645 0
11.466 2
11.4675 1
11.469 0
11.4705 1
11.472 0
11.4735 3
11.475 1
11.4765 2
11.478 1
11.4795 1
11.481 0
11.4825 0
11.484 2
11.4855 1
11.487 0
11.4885 0
11.49 1
11.4915 1
11.493 2
11.4945 2
11.496 2
11.4975 1
11.499 3
11.5005 2
11.502 1
11.5035 2
11.505 1
11.5065 0
11.508 0
11.5095 1
11.511 1
11.5125 1
11.514 4
11.5155 3
11.517 0
11.5185 4
11.52 1
11.5215 1
11.523 3
11.5245 1
11.526 1
11.5275 2
11.529 1
11.5305 3
11.532 4
11.5335 1
11.535 3
11.5365 2
11.538 1
11.5395 1
11.541 2
11.5425 0
11.544 0
11.5455 2
11.547 2
11.5485 0
11.55 2
11.5515 3
11.553 2
11.5545 2
11.556 0
11.5575 3
11.559 1
11.5605 3
11.562 0
11.5635 0
11.565 1
11.5665 1
11.568 1
11.5695 3
11.571 0
11.5725 0
11.574 1
11.5755 3
11.577 4
11.5785 2
11.58 4
11.5815 1
11.583 0
11.5845 0
11.586 0
11.5875 1
11.589 2
11.5905 2
11.592 1
11.5935 2
11.595 3
11.5965 0
11.598 3
11.5995 1
11.601 2
11.6025 3
11.604 0
11.6055 2
11.607 3
11.6085 0
11.61 4
11.6115 2
11.613 1
11.6145 4
11.616 1
11.6175 1
11.619 1
11.6205 2
11.622 2
11.6235 0
11.625 1
11.6265 1
11.628 0
11.6295 1
11.631 0
11.6325 1
11.634 1
11.6355 2
11.637 0
11.6385 2
11.64 0
11.6415 2
11.643 2
11.6445 1
11.646 2
11.6475 0
11.649 2
11.6505 3
11.652 1
11.6535 2
11.655 2
11.6565 1
11.658 2
11.6595 1
11.661 1
11.6625 1
11.664 2
11.6655 3
11.667 2
11.6685 1
11.67 0
11.6715 1
11.673 1
11.6745 1
11.676 1
11.6775 3
11.679 0
11.6805 3
11.682 3
11.6835 3
11.685 0
11.6865 0
11.688 2
11.6895 0
11.691 2
11.6925 0
11.694 1
11.6955 1
11.697 0
11.6985 2
11.7 1
11.7015 0
11.703 1
11.7045 1
11.706 1
11.7075 1
11.709 2
11.7105 2
11.712 2
11.7135 1
11.715 1
11.7165 0
11.718 0
11.7195 0
11.721 0
11.7225 2
11.724 0
11.7255 2
11.727 1
11.7285 0
11.73 2
11.7315 1
11.733 1
11.7345 1
11.736 2
11.7375 1
11.739 0
11.7405 2
11.742 0
11.7435 1
11.745 0
11.7465 1
11.748 0
11.7495 0
11.751 1
11.7525 1
11.754 0
11.7555 1
11.757 1
11.7585 0
11.76 0
11.7615 0
11.763 0
11.7645 0
11.766 0
11.7675 0
11.769 0
11.7705 1
11.772 0
11.7735 2
11.775 1
11.7765 0
11.778 0
11.7795 0
11.781 0
11.7825 0
11.784 0
11.7855 0
11.787 0
11.7885 0
11.79 0
11.7915 0
11.793 1
11.7945 0
11.796 0
11.7975 0
11.799 0
11.8005 0
11.802 0
11.8035 0
11.805 0
11.8065 0
11.808 0
11.8095 0
11.811 1
11.8125 0
11.814 1
11.8155 1
11.817 1
11.8185 0
11.82 0
11.8215 0
11.823 0
11.8245 0
11.826 1
11.8275 0
11.829 1
11.8305 1
11.832 0
11.8335 0
11.835 0
11.8365 0
11.838 0
11.8395 0
11.841 0
11.8425 0
11.844 0
11.8455 0
11.847 0
11.8485 0
11.85 0
11.8515 0
11.853 0
11.8545 1
11.856 0
11.8575 0
11.859 0
11.8605 0
11.862 0
11.8635 0
11.865 0
11.8665 0
11.868 0
11.8695 0
11.871 0
11.8725 0
11.874 0
11.8755 0
11.877 0
11.8785 0
11.88 0
11.8815 0
11.883 0
11.8845 0
11.886 0
11.8875 0
11.889 1
11.8905 0
11.892 0
11.8935 0
11.895 0
11.8965 0
11.898 0
11.8995 0
11.901 0
11.9025 0
11.904 0
11.9055 0
11.907 0
11.9085 0
11.91 0
11.9115 0
11.913 0
11.9145 0
11.916 0
11.9175 0
11.919 0
11.9205 0
11.922 0
11.9235 0
11.925 0
11.9265 0
11.928 0
11.9295 0
11.931 0
11.9325 0
11.934 0
11.9355 0
11.937 1
11.9385 0
11.94 0
11.9415 0
11.943 0
11.9445 0
11.946 0
11.9475 0
11.949 0
11.9505 0
11.952 0
11.9535 0
11.955 0
11.9565 0
11.958 0
11.9595 0
11.961 0
11.9625 0
11.964 0
11.9655 0
11.967 0
11.9685 0
11.97 0
11.9715 0
11.973 0
11.9745 0
11.976 0
11.9775 0
11.979 0
11.9805 0
11.982 0
11.9835 0
11.985 0
11.9865 0
11.988 0
11.9895 0
11.991 0
11.9925 0
11.994 0
11.9955 0
11.997 0
11.9985 0
12 0
12.0015 0
12.003 0
12.0045 0
12.006 0
12.0075 0
12.009 0
12.0105 0
12.012 0
12.0135 0
12.015 0
12.0165 0
12.018 0
12.0195 0
12.021 0
12.0225 0
12.024 0
12.0255 0
12.027 0
12.0285 0
12.03 0
12.0315 0
12.033 0
12.0345 0
12.036 0
12.0375 0
12.039 0
12.0405 0
12.042 0
12.0435 0
12.045 0
12.0465 0
12.048 0
12.0495 0
12.051 0
12.0525 0
12.054 0
12.0555 0
12.057 0
12.0585 0
12.06 0
12.0615 0
12.063 0
12.0645 0
12.066 0
12.0675 0
12.069 0
12.0705 0
12.072 0
12.0735 0
12.075 0
12.0765 0
12.078 0
12.0795 0
12.081 0
12.0825 0
12.084 0
12.0855 0
12.087 0
12.0885 0
12.09 0
12.0915 0
12.093 0
12.0945 0
12.096 0
12.0975 0
12.099 0
12.1005 0
12.102 1
12.1035 0
12.105 0
12.1065 0
12.108 0
12.1095 0
12.111 0
12.1125 0
12.114 0
12.1155 0
12.117 0
12.1185 0
12.12 0
12.1215 0
12.123 0
12.1245 0
12.126 0
12.1275 0
12.129 0
12.1305 0
12.132 0
12.1335 0
12.135 1
12.1365 0
12.138 0
12.1395 0
12.141 0
12.1425 0
12.144 0
12.1455 0
12.147 0
12.1485 0
12.15 0
12.1515 0
12.153 0
12.1545 0
12.156 0
12.1575 0
12.159 0
12.1605 0
12.162 0
12.1635 0
12.165 0
12.1665 0
12.168 0
12.1695 0
12.171 0
12.1725 0
12.174 0
12.1755 0
12.177 0
12.1785 0
12.18 0
12.1815 0
12.183 0
12.1845 0
12.186 0
12.1875 0
12.189 0
12.1905 0
12.192 0
12.1935 0
12.195 0
12.1965 0
12.198 0
12.1995 0
12.201 0
12.2025 0
12.204 0
12.2055 0
12.207 0
12.2085 0
12.21 0
12.2115 0
12.213 0
12.2145 0
12.216 0
12.2175 0
12.219 0
12.2205 0
12.222 0
12.2235 0
12.225 0
12.2265 0
12.228 0
12.2295 0
12.231 0
12.2325 0
12.234 0
12.2355 0
12.237 0
12.2385 0
12.24 0
12.2415 0
12.243 0
12.2445 0
12.246 0
12.2475 0
12.249 0
12.2505 0
12.252 0
12.2535 0
12.255 0
12.2565 0
12.258 0
12.2595 0
12.261 0
12.2625 0
12.264 0
12.2655 0
12.267 0
12.2685 0
12.27 0
12.2715 0
12.273 0
12.2745 0
12.276 0
12.2775 0
12.279 0
12.2805 0
12.282 0
12.2835 0
12.285 0
12.2865 0
12.288 0
12.2895 0
12.291 0
12.2925 0
12.294 0
12.2955 0
12.297 0
12.2985 0
12.3 0
12.3015 0
12.303 0
12.3045 0
12.306 1
12.3075 0
12.309 0
12.3105 0
12.312 0
12.3135 0
12.315 0
12.3165 0
12.318 0
12.3195 0
12.321 0
12.3225 0
12.324 0
12.3255 0
12.327 0
12.3285 0
12.33 0
12.3315 0
12.333 0
12.3345 0
12.336 1
12.3375 0
12.339 0
12.3405 0
12.342 0
12.3435 0
12.345 0
12.3465 0
12.348 0
12.3495 0
12.351 0
12.3525 0
12.354 0
12.3555 0
12.357 0
12.3585 0
12.36 0
12.3615 0
12.363 0
12.3645 0
12.366 0
12.3675 0
12.369 0
12.3705 0
12.372 0
12.3735 0
12.375 0
12.3765 0
12.378 0
12.3795 0
12.381 0
12.3825 0
12.384 0
12.3855 0
12.387 0
12.3885 0
12.39 0
12.3915 0
12.393 0
12.3945 0
12.396 1
12.3975 0
12.399 0
12.4005 0
12.402 0
12.4035 0
12.405 0
12.4065 0
12.408 0
12.4095 0
12.411 0
12.4125 0
12.414 0
12.4155 0
12.417 0
12.4185 0
12.42 0
12.4215 0
12.423 0
12.4245 0
12.426 0
12.4275 0
12.429 0
12.4305 0
12.432 0
12.4335 0
12.435 0
12.4365 0
12.438 0
12.4395 0
12.441 0
12.4425 0
12.444 0
12.4455 0
12.447 0
12.4485 0
12.45 0
12.4515 0
12.453 0
12.4545 0
12.456 0
12.4575 0
12.459 0
12.4605 0
12.462 0
12.4635 0
12.465 0
12.4665 0
12.468 0
12.4695 0
12.471 0
12.4725 0
12.474 0
12.4755 0
12.477 0
12.4785 0
12.48 0
12.4815 0
12.483 0
12.4845 0
12.486 0
12.4875 0
12.489 0
12.4905 0
12.492 0
12.4935 0
12.495 0
12.4965 0
12.498 0
12.4995 0
12.501 0
12.5025 0
12.504 0
12.5055 0
12.507 0
12.5085 0
12.51 0
12.5115 0
12.513 0
12.5145 0
12.516 0
12.5175 0
12.519 0
12.5205 0
12.522 0
12.5235 0
12.525 0
12.5265 0
12.528 0
12.5295 0
12.531 0
12.5325 0
12.534 0
12.5355 0
12.537 0
12.5385 0
12.54 0
12.5415 0
12.543 0
12.5445 0
12.546 0
12.5475 0
12.549 0
12.5505 0
12.552 0
12.5535 0
12.555 0
12.5565 0
12.558 0
12.5595 0
12.561 0
12.5625 0
12.564 0
12.5655 0
12.567 0
12.5685 0
12.57 0
12.5715 0
12.573 0
12.5745 0
12.576 0
12.5775 0
12.579 0
12.5805 0
12.582 0
12.5835 0
12.585 1
12.5865 0
12.588 0
12.5895 0
12.591 0
12.5925 0
12.594 0
12.5955 0
12.597 0
12.5985 0
12.6 0
12.6015 0
12.603 0
12.6045 0
12.606 0
12.6075 0
12.609 0
12.6105 0
12.612 0
12.6135 0
12.615 0
12.6165 0
12.618 0
12.6195 0
12.621 0
12.6225 0
12.624 0
12.6255 0
12.627 0
12.6285 0
12.63 0
12.6315 0
12.633 0
12.6345 0
12.636 0
12.6375 0
12.639 0
12.6405 0
12.642 0
12.6435 0
12.645 0
12.6465 0
12.648 0
12.6495 0
12.651 0
12.6525 0
12.654 0
12.6555 0
12.657 0
12.6585 0
12.66 0
12.6615 0
12.663 0
12.6645 0
12.666 0
12.6675 0
12.669 0
12.6705 0
12.672 0
12.6735 0
12.675 0
12.6765 0
12.678 0
12.6795 0
12.681 0
12.6825 0
12.684 0
12.6855 0
12.687 0
12.6885 0
12.69 0
12.6915 0
12.693 0
12.6945 0
12.696 0
12.6975 0
12.699 0
12.7005 0
12.702 0
12.7035 0
12.705 0
12.7065 0
12.708 0
12.7095 0
12.711 0
12.7125 0
12.714 0
12.7155 0
12.717 0
12.7185 0
12.72 0
12.7215 0
12.723 0
12.7245 0
12.726 0
12.7275 0
12.729 0
12.7305 0
12.732 0
12.7335 0
12.735 0
12.7365 0
12.738 0
12.7395 0
12.741 0
12.7425 0
12.744 0
12.7455 1
12.747 0
12.7485 0
12.75 0
12.7515 0
12.753 0
12.7545 0
12.756 0
12.7575 0
12.759 0
12.7605 1
12.762 0
12.7635 0
12.765 0
12.7665 0
12.768 0
12.7695 0
12.771 0
12.7725 0
12.774 0
12.7755 0
12.777 0
12.7785 0
12.78 0
12.7815 0
12.783 0
12.7845 0
12.786 0
12.7875 0
12.789 0
12.7905 0
12.792 0
12.7935 0
12.795 1
12.7965 0
12.798 0
12.7995 0
12.801 0
12.8025 0
12.804 0
12.8055 0
12.807 0
12.8085 0
12.81 0
12.8115 0
12.813 0
12.8145 0
12.816 0
12.8175 0
12.819 0
12.8205 0
12.822 0
12.8235 0
12.825 0
12.8265 0
12.828 0
12.8295 0
12.831 0
12.8325 0
12.834 0
12.8355 0
12.837 0
12.8385 0
12.84 0
12.8415 0
12.843 0
12.8445 0
12.846 0
12.8475 0
12.849 0
12.8505 0
12.852 0
12.8535 0
12.855 0
12.8565 0
12.858 0
12.8595 0
12.861 0
12.8625 0
12.864 0
12.8655 0
12.867 0
12.8685 0
12.87 0
12.8715 1
12.873 0
12.8745 0
12.876 0
12.8775 0
12.879 0
12.8805 0
12.882 0
12.8835 0
12.885 0
12.8865 0
12.888 0
12.8895 0
12.891 0
12.8925 0
12.894 0
12.8955 0
12.897 0
12.8985 0
12.9 0
12.9015 0
12.903 0
12.9045 0
12.906 0
12.9075 0
12.909 0
12.9105 0
12.912 0
12.9135 0
12.915 0
12.9165 0
12.918 0
12.9195 0
12.921 0
12.9225 0
12.924 0
12.9255 0
12.927 0
12.9285 0
12.93 0
12.9315 0
12.933 0
12.9345 0
12.936 0
12.9375 0
12.939 0
12.9405 0
12.942 0
12.9435 0
12.945 1
12.9465 0
12.948 0
12.9495 0
12.951 0
12.9525 0
12.954 0
12.9555 0
12.957 0
12.9585 0
12.96 0
12.9615 0
12.963 0
12.9645 0
12.966 0
12.9675 0
12.969 0
12.9705 0
12.972 0
12.9735 0
12.975 0
12.9765 0
12.978 0
12.9795 0
12.981 0
12.9825 0
12.984 0
12.9855 0
12.987 0
12.9885 0
12.99 0
12.9915 0
12.993 0
12.9945 0
12.996 0
12.9975 0
12.999 0
13.0005 0
13.002 0
13.0035 0
13.005 0
13.0065 0
13.008 0
13.0095 0
13.011 0
13.0125 0
13.014 1
13.0155 0
13.017 0
13.0185 0
13.02 0
13.0215 0
13.023 0
13.0245 0
13.026 0
13.0275 0
13.029 0
13.0305 0
13.032 0
13.0335 0
13.035 0
13.0365 0
13.038 0
13.0395 0
13.041 0
13.0425 0
13.044 0
13.0455 0
13.047 0
13.0485 0
13.05 0
13.0515 0
13.053 0
13.0545 0
13.056 0
13.0575 0
13.059 0
13.0605 0
13.062 0
13.0635 0
13.065 0
13.0665 0
13.068 0
13.0695 0
13.071 0
13.0725 0
13.074 0
13.0755 0
13.077 0
13.0785 1
13.08 0
13.0815 0
13.083 0
13.0845 0
13.086 0
13.0875 0
13.089 0
13.0905 0
13.092 0
13.0935 0
13.095 0
13.0965 0
13.098 0
13.0995 0
13.101 0
13.1025 0
13.104 0
13.1055 0
13.107 0
13.1085 0
13.11 0
13.1115 0
13.113 0
13.1145 0
13.116 0
13.1175 0
13.119 0
13.1205 0
13.122 0
13.1235 0
13.125 0
13.1265 0
13.128 0
13.1295 0
13.131 0
13.1325 0
13.134 0
13.1355 0
13.137 0
13.1385 0
13.14 0
13.1415 0
13.143 0
13.1445 0
13.146 0
13.1475 0
13.149 0
13.1505 0
13.152 0
13.1535 0
13.155 0
13.1565 0
13.158 0
13.1595 0
13.161 0
13.1625 0
13.164 0
13.1655 0
13.167 0
13.1685 0
13.17 0
13.1715 0
13.173 0
13.1745 0
13.176 0
13.1775 0
13.179 0
13.1805 0
13.182 0
13.1835 0
13.185 0
13.1865 1
13.188 0
13.1895 0
13.191 0
13.1925 0
13.194 0
13.1955 0
13.197 0
13.1985 0
13.2 0
13.2015 0
13.203 0
13.2045 0
13.206 0
13.2075 0
13.209 0
13.2105 0
13.212 0
13.2135 0
13.215 0
13.2165 0
13.218 0
13.2195 0
13.221 0
13.2225 0
13.224 0
13.2255 0
13.227 0
13.2285 0
13.23 0
13.2315 0
13.233 0
13.2345 0
13.236 0
13.2375 0
13.239 0
13.2405 0
13.242 0
13.2435 0
13.245 0
13.2465 0
13.248 0
13.2495 0
13.251 0
13.2525 0
13.254 0
13.2555 0
13.257 0
13.2585 0
13.26 0
13.2615 0
13.263 0
13.2645 0
13.266 0
13.2675 0
13.269 0
13.2705 0
13.272 0
13.2735 0
13.275 0
13.2765 0
13.278 0
13.2795 0
13.281 0
13.2825 0
13.284 0
13.2855 0
13.287 0
13.2885 0
13.29 0
13.2915 0
13.293 0
13.2945 0
13.296 0
13.2975 0
13.299 0
13.3005 0
13.302 0
13.3035 0
13.305 0
13.3065 0
13.308 0
13.3095 0
13.311 0
13.3125 0
13.314 0
13.3155 0
13.317 0
13.3185 0
13.32 0
13.3215 0
13.323 0
13.3245 0
13.326 0
13.3275 0
13.329 0
13.3305 0
13.332 0
13.3335 0
13.335 0
13.3365 0
13.338 0
13.3395 0
13.341 0
13.3425 0
13.344 0
13.3455 0
13.347 0
13.3485 0
13.35 0
13.3515 0
13.353 0
13.3545 0
13.356 0
13.3575 0
13.359 0
13.3605 0
13.362 0
13.3635 0
13.365 0
13.3665 0
13.368 0
13.3695 0
13.371 0
13.3725 0
13.374 0
13.3755 0
13.377 0
13.3785 0
13.38 0
13.3815 0
13.383 0
13.3845 0
13.386 0
13.3875 0
13.389 0
13.3905 0
13.392 0
13.3935 0
13.395 0
13.3965 0
13.398 0
13.3995 0
13.401 0
13.4025 0
13.404 0
13.4055 0
13.407 0
13.4085 0
13.41 0
13.4115 0
13.413 0
13.4145 0
13.416 0
13.4175 0
13.419 1
13.4205 0
13.422 0
13.4235 0
13.425 0
13.4265 0
13.428 0
13.4295 0
13.431 0
13.4325 0
13.434 0
13.4355 0
13.437 0
13.4385 0
13.44 0
13.4415 0
13.443 0
13.4445 0
13.446 0
13.4475 0
13.449 0
13.4505 0
13.452 0
13.4535 0
13.455 0
13.4565 0
13.458 0
13.4595 0
13.461 0
13.4625 0
13.464 0
13.4655 0
13.467 0
13.4685 0
13.47 0
13.4715 0
13.473 0
13.4745 0
13.476 0
13.4775 0
13.479 0
13.4805 0
13.482 0
13.4835 0
13.485 0
13.4865 0
13.488 0
13.4895 0
13.491 0
13.4925 0
13.494 0
13.4955 0
13.497 0
13.4985 0
13.5 0
13.5015 0
13.503 0
13.5045 0
13.506 0
13.5075 0
13.509 0
13.5105 0
13.512 0
13.5135 0
13.515 0
13.5165 0
13.518 0
13.5195 0
13.521 0
13.5225 0
13.524 0
13.5255 0
13.527 0
13.5285 0
13.53 0
13.5315 0
13.533 0
13.5345 0
13.536 0
13.5375 0
13.539 0
13.5405 0
13.542 0
13.5435 0
13.545 0
13.5465 0
13.548 0
13.5495 0
13.551 0
13.5525 0
13.554 0
13.5555 0
13.557 0
13.5585 0
13.56 0
13.5615 0
13.563 0
13.5645 0
13.566 0
13.5675 0
13.569 0
13.5705 0
13.572 0
13.5735 0
13.575 0
13.5765 0
13.578 0
13.5795 0
13.581 0
13.5825 0
13.584 0
13.5855 0
13.587 0
13.5885 0
13.59 0
13.5915 0
13.593 0
13.5945 0
13.596 0
13.5975 0
13.599 0
13.6005 0
13.602 0
13.6035 0
13.605 0
13.6065 0
13.608 0
13.6095 0
13.611 0
13.6125 0
13.614 0
13.6155 0
13.617 0
13.6185 0
13.62 0
13.6215 0
13.623 0
13.6245 0
13.626 0
13.6275 0
13.629 0
13.6305 0
13.632 0
13.6335 0
13.635 0
13.6365 0
13.638 0
13.6395 0
13.641 0
13.6425 0
13.644 0
13.6455 0
13.647 0
13.6485 0
13.65 0
13.6515 0
13.653 0
13.6545 0
13.656 0
13.6575 0
13.659 0
13.6605 0
13.662 0
13.6635 0
13.665 0
13.6665 0
13.668 0
13.6695 0
13.671 0
13.6725 0
13.674 0
13.6755 0
13.677 0
13.6785 0
13.68 0
13.6815 0
13.683 0
13.6845 0
13.686 0
13.6875 0
13.689 0
13.6905 0
13.692 0
13.6935 0
13.695 0
13.6965 0
13.698 0
13.6995 0
13.701 0
13.7025 0
13.704 0
13.7055 0
13.707 0
13.7085 0
13.71 0
13.7115 0
13.713 0
13.7145 0
13.716 0
13.7175 0
13.719 0
13.7205 0
13.722 0
13.7235 0
13.725 0
13.7265 0
13.728 0
13.7295 0
13.731 0
13.7325 0
13.734 0
13.7355 0
13.737 0
13.7385 0
13.74 0
13.7415 0
13.743 0
13.7445 0
13.746 0
13.7475 0
13.749 0
13.7505 0
13.752 0
13.7535 0
13.755 0
13.7565 0
13.758 0
13.7595 0
13.761 0
13.7625 0
13.764 0
13.7655 0
13.767 0
13.7685 0
13.77 0
13.7715 0
13.773 0
13.7745 0
13.776 0
13.7775 0
13.779 0
13.7805 0
13.782 0
13.7835 0
13.785 0
13.7865 0
13.788 0
13.7895 0
13.791 0
13.7925 0
13.794 0
13.7955 0
13.797 0
13.7985 0
13.8 0
13.8015 0
13.803 0
13.8045 0
13.806 0
13.8075 0
13.809 0
13.8105 0
13.812 0
13.8135 0
13.815 0
13.8165 0
13.818 0
13.8195 0
13.821 0
13.8225 0
13.824 0
13.8255 0
13.827 0
13.8285 0
13.83 0
13.8315 0
13.833 0
13.8345 0
13.836 0
13.8375 0
13.839 0
13.8405 0
13.842 0
13.8435 0
13.845 0
13.8465 0
13.848 0
13.8495 0
13.851 0
13.8525 0
13.854 0
13.8555 0
13.857 0
13.8585 0
13.86 0
13.8615 0
13.863 0
13.8645 0
13.866 0
13.8675 0
13.869 0
13.8705 0
13.872 0
13.8735 0
13.875 0
13.8765 0
13.878 0
13.8795 0
13.881 0
13.8825 0
13.884 0
13.8855 0
13.887 0
13.8885 0
13.89 0
13.8915 0
13.893 0
13.8945 0
13.896 0
13.8975 0
13.899 0
13.9005 0
13.902 0
13.9035 0
13.905 0
13.9065 0
13.908 0
13.9095 0
13.911 0
13.9125 0
13.914 0
13.9155 0
13.917 0
13.9185 0
13.92 0
13.9215 0
13.923 0
13.9245 0
13.926 0
13.9275 0
13.929 0
13.9305 0
13.932 0
13.9335 0
13.935 0
13.9365 0
13.938 0
13.9395 0
13.941 0
13.9425 0
13.944 0
13.9455 0
13.947 0
13.9485 0
13.95 0
13.9515 0
13.953 0
13.9545 0
13.956 0
13.9575 0
13.959 0
13.9605 0
13.962 0
13.9635 0
13.965 0
13.9665 0
13.968 0
13.9695 0
13.971 0
13.9725 0
13.974 0
13.9755 0
13.977 0
13.9785 0
13.98 0
13.9815 0
13.983 0
13.9845 0
13.986 0
13.9875 0
13.989 0
13.9905 0
13.992 0
13.9935 0
13.995 0
13.9965 0
13.998 0
13.9995 0
14.001 0
14.0025 0
14.004 0
14.0055 0
14.007 0
14.0085 0
14.01 0
14.0115 0
14.013 0
14.0145 0
14.016 0
14.0175 0
14.019 0
14.0205 0
14.022 0
14.0235 0
14.025 0
14.0265 0
14.028 0
14.0295 0
14.031 0
14.0325 0
14.034 0
14.0355 0
14.037 0
14.0385 0
14.04 0
14.0415 0
14.043 0
14.0445 0
14.046 0
14.0475 0
14.049 0
14.0505 0
14.052 0
14.0535 0
14.055 0
14.0565 0
14.058 0
14.0595 0
14.061 0
14.0625 0
14.064 0
14.0655 0
14.067 0
14.0685 0
14.07 0
14.0715 0
14.073 0
14.0745 0
14.076 0
14.0775 0
14.079 0
14.0805 0
14.082 0
14.0835 0
14.085 0
14.0865 0
14.088 0
14.0895 0
14.091 0
14.0925 0
14.094 0
14.0955 0
14.097 0
14.0985 0
14.1 0
14.1015 0
14.103 0
14.1045 0
14.106 0
14.1075 0
14.109 0
14.1105 0
14.112 0
14.1135 0
14.115 0
14.1165 0
14.118 0
14.1195 0
14.121 0
14.1225 0
14.124 0
14.1255 0
14.127 0
14.1285 0
14.13 0
14.1315 0
14.133 0
14.1345 0
14.136 0
14.1375 0
14.139 0
14.1405 0
14.142 0
14.1435 0
14.145 0
14.1465 0
14.148 0
14.1495 0
14.151 0
14.1525 0
14.154 0
14.1555 0
14.157 0
14.1585 0
14.16 0
14.1615 0
14.163 0
14.1645 0
14.166 0
14.1675 0
14.169 0
14.1705 0
14.172 0
14.1735 0
14.175 0
14.1765 0
14.178 0
14.1795 0
14.181 0
14.1825 0
14.184 0
14.1855 0
14.187 0
14.1885 0
14.19 0
14.1915 0
14.193 0
14.1945 0
14.196 0
14.1975 0
14.199 0
14.2005 0
14.202 0
14.2035 0
14.205 0
14.2065 0
14.208 0
14.2095 0
14.211 0
14.2125 0
14.214 0
14.2155 0
14.217 0
14.2185 0
14.22 0
14.2215 0
14.223 0
14.2245 0
14.226 0
14.2275 0
14.229 0
14.2305 0
14.232 0
14.2335 0
14.235 0
14.2365 0
14.238 0
14.2395 0
14.241 0
14.2425 0
14.244 0
14.2455 0
14.247 0
14.2485 0
14.25 0
14.2515 0
14.253 0
14.2545 0
14.256 0
14.2575 0
14.259 0
14.2605 0
14.262 0
14.2635 0
14.265 0
14.2665 0
14.268 0
14.2695 0
14.271 0
14.2725 0
14.274 0
14.2755 0
14.277 0
14.2785 0
14.28 0
14.2815 0
14.283 0
14.2845 0
14.286 0
14.2875 0
14.289 0
14.2905 0
14.292 0
14.2935 0
14.295 0
14.2965 0
14.298 0
14.2995 0
14.301 0
14.3025 0
14.304 0
14.3055 0
14.307 0
14.3085 0
14.31 0
14.3115 0
14.313 0
14.3145 0
14.316 0
14.3175 0
14.319 0
14.3205 0
14.322 0
14.3235 0
14.325 0
14.3265 0
14.328 0
14.3295 0
14.331 0
14.3325 0
14.334 0
14.3355 0
14.337 0
14.3385 0
14.34 0
14.3415 0
14.343 0
14.3445 0
14.346 0
14.3475 0
14.349 0
14.3505 0
14.352 0
14.3535 0
14.355 0
14.3565 0
14.358 0
14.3595 0
14.361 0
14.3625 0
14.364 0
14.3655 0
14.367 0
14.3685 0
14.37 0
14.3715 0
14.373 0
14.3745 0
14.376 0
14.3775 0
14.379 0
14.3805 0
14.382 0
14.3835 0
14.385 0
14.3865 0
14.388 0
14.3895 0
14.391 0
14.3925 0
14.394 0
14.3955 0
14.397 0
14.3985 0
14.4 0
14.4015 0
14.403 0
14.4045 0
14.406 0
14.4075 0
14.409 0
14.4105 0
14.412 0
14.4135 0
14.415 0
14.4165 0
14.418 0
14.4195 0
14.421 0
14.4225 0
14.424 0
14.4255 0
14.427 0
14.4285 0
14.43 0
14.4315 0
14.433 0
14.4345 0
14.436 0
14.4375 0
14.439 0
14.4405 0
14.442 0
14.4435 0
14.445 0
14.4465 0
14.448 0
14.4495 0
14.451 0
14.4525 0
14.454 0
14.4555 0
14.457 0
14.4585 0
14.46 0
14.4615 0
14.463 0
14.4645 0
14.466 0
14.4675 0
14.469 0
14.4705 0
14.472 0
14.4735 0
14.475 0
14.4765 0
14.478 0
14.4795 0
14.481 0
14.4825 0
14.484 0
14.4855 0
14.487 0
14.4885 0
14.49 0
14.4915 0
14.493 0
14.4945 0
14.496 0
14.4975 0
14.499 0
14.5005 0
14.502 0
14.5035 0
14.505 0
14.5065 0
14.508 0
14.5095 0
14.511 0
14.5125 0
14.514 0
14.5155 0
14.517 0
14.5185 0
14.52 0
14.5215 0
14.523 0
14.5245 0
14.526 0
14.5275 0
14.529 0
14.5305 0
14.532 0
14.5335 0
14.535 0
14.5365 0
14.538 0
14.5395 0
14.541 0
14.5425 0
14.544 0
14.5455 0
14.547 0
14.5485 0
14.55 0
14.5515 0
14.553 0
14.5545 0
14.556 0
14.5575 0
14.559 0
14.5605 0
14.562 0
14.5635 0
14.565 0
14.5665 0
14.568 0
14.5695 0
14.571 0
14.5725 0
14.574 0
14.5755 0
14.577 0
14.5785 0
14.58 0
14.5815 0
14.583 0
14.5845 0
14.586 0
14.5875 0
14.589 0
14.5905 0
14.592 0
14.5935 0
14.595 0
14.5965 0
14.598 0
14.5995 0
14.601 0
14.6025 0
14.604 0
14.6055 0
14.607 0
14.6085 0
14.61 0
14.6115 0
14.613 0
14.6145 0
14.616 0
14.6175 0
14.619 0
14.6205 0
14.622 0
14.6235 0
14.625 0
14.6265 0
14.628 0
14.6295 0
14.631 0
14.6325 0
14.634 0
14.6355 0
14.637 0
14.6385 0
14.64 0
14.6415 0
14.643 0
14.6445 0
14.646 0
14.6475 0
14.649 0
14.6505 0
14.652 0
14.6535 0
14.655 0
14.6565 0
14.658 0
14.6595 0
14.661 0
14.6625 0
14.664 0
14.6655 0
14.667 0
14.6685 0
14.67 0
14.6715 0
14.673 0
14.6745 0
14.676 0
14.6775 0
14.679 0
14.6805 0
14.682 0
14.6835 0
14.685 0
14.6865 0
14.688 0
14.6895 0
14.691 0
14.6925 0
14.694 0
14.6955 0
14.697 0
14.6985 0
14.7 0
14.7015 0
14.703 0
14.7045 0
14.706 0
14.7075 0
14.709 0
14.7105 0
14.712 0
14.7135 0
14.715 0
14.7165 0
14.718 0
14.7195 0
14.721 0
14.7225 0
14.724 0
14.7255 0
14.727 0
14.7285 0
14.73 0
14.7315 0
14.733 0
14.7345 0
14.736 0
14.7375 0
14.739 0
14.7405 0
14.742 0
14.7435 0
14.745 0
14.7465 0
14.748 0
14.7495 0
14.751 0
14.7525 0
14.754 0
14.7555 0
14.757 0
14.7585 0
14.76 0
14.7615 0
14.763 0
14.7645 0
14.766 0
14.7675 0
14.769 0
14.7705 0
14.772 0
14.7735 0
14.775 0
14.7765 0
14.778 0
14.7795 0
14.781 0
14.7825 0
14.784 0
14.7855 0
14.787 0
14.7885 0
14.79 0
14.7915 0
14.793 0
14.7945 0
14.796 0
14.7975 0
14.799 0
14.8005 0
14.802 0
14.8035 0
14.805 0
14.8065 0
14.808 0
14.8095 0
14.811 0
14.8125 0
14.814 0
14.8155 0
14.817 0
14.8185 0
14.82 0
14.8215 0
14.823 0
14.8245 0
14.826 0
14.8275 0
14.829 0
14.8305 0
14.832 0
14.8335 0
14.835 0
14.8365 0
14.838 0
14.8395 0
14.841 0
14.8425 0
14.844 0
14.8455 0
14.847 0
14.8485 0
14.85 0
14.8515 0
14.853 0
14.8545 0
14.856 0
14.8575 0
14.859 0
14.8605 0
14.862 0
14.8635 0
14.865 0
14.8665 0
14.868 0
14.8695 0
14.871 0
14.8725 0
14.874 0
14.8755 0
14.877 0
14.8785 0
14.88 0
14.8815 0
14.883 0
14.8845 0
14.886 0
14.8875 0
14.889 0
14.8905 0
14.892 0
14.8935 0
14.895 0
14.8965 0
14.898 0
14.8995 0
14.901 0
14.9025 0
14.904 0
14.9055 0
14.907 0
14.9085 0
14.91 0
14.9115 0
14.913 0
14.9145 0
14.916 0
14.9175 0
14.919 0
14.9205 0
14.922 0
14.9235 0
14.925 0
14.9265 0
14.928 0
14.9295 0
14.931 0
14.9325 0
14.934 0
14.9355 0
14.937 0
14.9385 0
14.94 0
14.9415 0
14.943 0
14.9445 0
14.946 0
14.9475 0
14.949 0
14.9505 0
14.952 0
14.9535 0
14.955 0
14.9565 0
14.958 0
14.9595 0
14.961 0
14.9625 0
14.964 0
14.9655 0
14.967 0
14.9685 0
14.97 0
14.9715 0
14.973 0
14.9745 0
14.976 0
14.9775 0
14.979 0
14.9805 0
14.982 0
14.9835 0
14.985 0
14.9865 0
14.988 0
14.9895 0
14.991 0
14.9925 0
14.994 0
14.9955 0
14.997 0
14.9985 0
